50 1225
1 2 2 48
1 3 99 29
1 4 66 87
1 5 15 6
1 6 58 40
1 7 19 46
1 8 95 44
1 9 67 6
1 10 26 -9
1 11 21 38
1 12 43 42
1 13 14 29
1 14 100 11
1 15 39 40
1 16 61 56
1 17 83 59
1 18 -2 24
1 19 1 35
1 20 62 51
1 21 56 75
1 22 78 45
1 23 9 5
1 24 69 75
1 25 15 66
1 26 29 33
1 27 45 95
1 28 3 21
1 29 23 61
1 30 48 24
1 31 38 -6
1 32 -5 24
1 33 10 3
1 34 34 -8
1 35 72 46
1 36 50 27
1 37 64 76
1 38 79 44
1 39 100 38
1 40 50 53
1 41 51 56
1 42 34 -8
1 43 34 27
1 44 61 56
1 45 -10 78
1 46 93 -1
1 47 -5 2
1 48 88 5
1 49 3 8
1 50 -1 13
2 3 92 99
2 4 0 47
2 5 69 59
2 6 99 89
2 7 76 100
2 8 16 25
2 9 15 6
2 10 70 89
2 11 21 48
2 12 -6 69
2 13 84 39
2 14 13 5
2 15 72 83
2 16 10 49
2 17 73 53
2 18 6 -1
2 19 81 19
2 20 3 71
2 21 43 66
2 22 0 82
2 23 28 10
2 24 22 20
2 25 98 26
2 26 43 97
2 27 85 68
2 28 12 8
2 29 96 48
2 30 87 78
2 31 99 42
2 32 53 84
2 33 46 -2
2 34 63 63
2 35 80 74
2 36 24 54
2 37 25 -4
2 38 11 72
2 39 34 95
2 40 -6 98
2 41 46 32
2 42 14 28
2 43 -6 20
2 44 84 55
2 45 66 19
2 46 5 89
2 47 74 32
2 48 96 32
2 49 86 85
2 50 48 55
3 4 92 53
3 5 30 9
3 6 37 93
3 7 -3 91
3 8 31 71
3 9 15 29
3 10 98 -8
3 11 37 26
3 12 77 92
3 13 66 57
3 14 1 70
3 15 89 60
3 16 10 42
3 17 13 40
3 18 39 -10
3 19 32 48
3 20 92 -3
3 21 44 54
3 22 60 50
3 23 80 35
3 24 100 91
3 25 72 58
3 26 56 64
3 27 68 99
3 28 33 67
3 29 -1 74
3 30 7 59
3 31 63 17
3 32 99 20
3 33 14 95
3 34 75 66
3 35 94 71
3 36 24 95
3 37 47 16
3 38 -6 36
3 39 33 96
3 40 12 52
3 41 46 93
3 42 84 63
3 43 6 14
3 44 13 91
3 45 43 2
3 46 100 19
3 47 87 33
3 48 94 59
3 49 2 9
3 50 69 89
4 5 6 50
4 6 38 79
4 7 37 10
4 8 56 43
4 9 26 79
4 10 73 80
4 11 24 81
4 12 29 59
4 13 60 28
4 14 38 34
4 15 59 19
4 16 55 49
4 17 61 79
4 18 77 57
4 19 92 76
4 20 56 10
4 21 71 32
4 22 6 42
4 23 63 67
4 24 89 86
4 25 88 65
4 26 65 73
4 27 1 50
4 28 91 21
4 29 17 -9
4 30 3 19
4 31 21 31
4 32 56 53
4 33 67 45
4 34 10 2
4 35 2 70
4 36 92 41
4 37 72 40
4 38 20 100
4 39 38 19
4 40 94 25
4 41 57 31
4 42 40 27
4 43 61 62
4 44 66 72
4 45 66 22
4 46 50 -4
4 47 65 -6
4 48 33 53
4 49 98 94
4 50 85 -1
5 6 34 41
5 7 72 40
5 8 74 22
5 9 25 55
5 10 46 51
5 11 62 48
5 12 8 40
5 13 41 24
5 14 4 -1
5 15 8 41
5 16 71 94
5 17 57 13
5 18 52 96
5 19 58 24
5 20 77 21
5 21 -9 58
5 22 48 75
5 23 69 0
5 24 23 30
5 25 61 67
5 26 3 0
5 27 75 65
5 28 25 60
5 29 -6 20
5 30 24 40
5 31 81 58
5 32 48 -10
5 33 47 12
5 34 45 38
5 35 74 27
5 36 74 85
5 37 50 96
5 38 61 70
5 39 23 -6
5 40 22 100
5 41 51 94
5 42 -6 45
5 43 24 13
5 44 9 52
5 45 77 9
5 46 78 76
5 47 88 71
5 48 62 41
5 49 84 91
5 50 80 79
6 7 85 87
6 8 85 38
6 9 98 14
6 10 15 97
6 11 25 34
6 12 75 83
6 13 81 2
6 14 18 98
6 15 92 93
6 16 15 5
6 17 72 2
6 18 26 36
6 19 5 19
6 20 14 49
6 21 1 9
6 22 23 86
6 23 30 -7
6 24 -1 23
6 25 13 27
6 26 71 33
6 27 73 46
6 28 1 -9
6 29 65 0
6 30 -8 35
6 31 20 58
6 32 21 47
6 33 10 66
6 34 81 82
6 35 22 20
6 36 80 36
6 37 93 92
6 38 30 63
6 39 30 -8
6 40 98 26
6 41 0 38
6 42 71 27
6 43 6 84
6 44 24 46
6 45 78 65
6 46 58 2
6 47 37 49
6 48 63 25
6 49 83 81
6 50 30 25
7 8 15 2
7 9 35 32
7 10 63 29
7 11 72 -3
7 12 22 33
7 13 86 -6
7 14 38 58
7 15 5 64
7 16 9 58
7 17 6 1
7 18 -8 57
7 19 68 88
7 20 6 42
7 21 67 75
7 22 85 63
7 23 30 7
7 24 47 13
7 25 0 -8
7 26 10 20
7 27 1 39
7 28 100 80
7 29 75 44
7 30 43 68
7 31 82 59
7 32 65 15
7 33 31 5
7 34 -2 18
7 35 10 74
7 36 34 -8
7 37 -2 44
7 38 77 81
7 39 77 35
7 40 -9 6
7 41 -1 15
7 42 -8 35
7 43 21 -2
7 44 79 40
7 45 56 27
7 46 55 17
7 47 -1 52
7 48 0 2
7 49 92 43
7 50 62 93
8 9 69 -6
8 10 79 11
8 11 43 62
8 12 76 52
8 13 62 28
8 14 0 -7
8 15 74 59
8 16 2 91
8 17 57 51
8 18 17 63
8 19 13 -1
8 20 47 30
8 21 67 62
8 22 67 42
8 23 43 42
8 24 33 62
8 25 9 98
8 26 43 39
8 27 75 72
8 28 47 17
8 29 80 27
8 30 89 100
8 31 -7 58
8 32 79 45
8 33 73 2
8 34 25 90
8 35 18 90
8 36 41 35
8 37 53 57
8 38 52 -8
8 39 31 41
8 40 18 32
8 41 52 42
8 42 83 58
8 43 48 79
8 44 61 59
8 45 67 19
8 46 27 28
8 47 29 7
8 48 78 23
8 49 26 92
8 50 43 29
9 10 59 87
9 11 6 94
9 12 41 6
9 13 17 91
9 14 58 65
9 15 18 82
9 16 62 88
9 17 36 93
9 18 11 84
9 19 30 48
9 20 21 17
9 21 4 27
9 22 96 79
9 23 77 83
9 24 50 58
9 25 78 50
9 26 47 70
9 27 -9 1
9 28 80 30
9 29 67 99
9 30 70 69
9 31 35 89
9 32 35 -1
9 33 10 -4
9 34 31 74
9 35 85 83
9 36 9 46
9 37 6 47
9 38 93 80
9 39 26 69
9 40 65 37
9 41 61 74
9 42 -3 94
9 43 34 12
9 44 61 -3
9 45 11 85
9 46 66 98
9 47 56 68
9 48 69 52
9 49 49 67
9 50 67 48
10 11 62 14
10 12 6 67
10 13 35 100
10 14 10 53
10 15 64 40
10 16 39 38
10 17 3 82
10 18 13 17
10 19 20 5
10 20 5 38
10 21 42 16
10 22 49 21
10 23 -7 17
10 24 22 1
10 25 100 -6
10 26 1 45
10 27 92 41
10 28 11 -10
10 29 66 84
10 30 4 64
10 31 79 26
10 32 18 24
10 33 0 66
10 34 -4 10
10 35 96 89
10 36 8 0
10 37 76 -6
10 38 33 90
10 39 71 34
10 40 2 46
10 41 48 33
10 42 76 40
10 43 -1 87
10 44 63 8
10 45 58 83
10 46 22 80
10 47 3 -2
10 48 74 74
10 49 29 21
10 50 -8 77
11 12 55 15
11 13 27 -10
11 14 10 38
11 15 12 77
11 16 8 72
11 17 -6 12
11 18 14 3
11 19 10 -2
11 20 99 24
11 21 37 18
11 22 29 59
11 23 10 62
11 24 46 0
11 25 -1 -10
11 26 27 21
11 27 56 68
11 28 6 91
11 29 56 45
11 30 90 76
11 31 96 4
11 32 45 25
11 33 -1 80
11 34 30 76
11 35 -8 38
11 36 36 66
11 37 67 49
11 38 91 0
11 39 8 -7
11 40 80 52
11 41 25 30
11 42 40 41
11 43 48 72
11 44 99 6
11 45 37 50
11 46 -7 64
11 47 44 87
11 48 14 38
11 49 17 6
11 50 -5 43
12 13 17 2
12 14 87 72
12 15 100 73
12 16 30 17
12 17 0 6
12 18 79 48
12 19 70 50
12 20 76 41
12 21 26 68
12 22 -4 51
12 23 24 24
12 24 -4 17
12 25 -5 43
12 26 -7 38
12 27 8 58
12 28 -5 37
12 29 5 60
12 30 35 12
12 31 -3 10
12 32 51 14
12 33 49 82
12 34 95 34
12 35 45 32
12 36 54 85
12 37 82 -5
12 38 86 12
12 39 -5 95
12 40 75 91
12 41 1 100
12 42 45 63
12 43 39 0
12 44 77 2
12 45 93 0
12 46 56 72
12 47 25 -8
12 48 9 -10
12 49 -4 9
12 50 26 -5
13 14 57 91
13 15 23 93
13 16 92 28
13 17 84 7
13 18 66 9
13 19 84 26
13 20 47 38
13 21 80 58
13 22 78 82
13 23 21 14
13 24 96 80
13 25 45 37
13 26 21 63
13 27 96 53
13 28 31 66
13 29 72 79
13 30 37 40
13 31 4 42
13 32 12 60
13 33 94 23
13 34 97 42
13 35 37 31
13 36 40 4
13 37 64 48
13 38 11 35
13 39 20 38
13 40 4 14
13 41 92 68
13 42 79 -2
13 43 65 31
13 44 83 92
13 45 92 2
13 46 47 9
13 47 21 53
13 48 43 66
13 49 41 17
13 50 83 10
14 15 24 27
14 16 25 1
14 17 -5 37
14 18 10 72
14 19 9 99
14 20 34 -1
14 21 24 1
14 22 10 37
14 23 40 40
14 24 72 87
14 25 44 46
14 26 46 30
14 27 6 85
14 28 85 -10
14 29 -2 12
14 30 31 97
14 31 20 9
14 32 82 16
14 33 30 98
14 34 29 83
14 35 88 46
14 36 47 83
14 37 -6 42
14 38 84 47
14 39 27 38
14 40 41 -3
14 41 48 22
14 42 44 57
14 43 28 82
14 44 85 22
14 45 24 99
14 46 17 99
14 47 82 56
14 48 -1 48
14 49 38 85
14 50 5 45
15 16 62 52
15 17 44 46
15 18 72 82
15 19 45 -9
15 20 2 52
15 21 27 22
15 22 59 89
15 23 25 5
15 24 95 63
15 25 70 44
15 26 88 97
15 27 98 16
15 28 11 8
15 29 16 67
15 30 60 82
15 31 63 60
15 32 74 45
15 33 47 21
15 34 97 17
15 35 -1 76
15 36 95 78
15 37 87 26
15 38 30 61
15 39 55 4
15 40 23 13
15 41 17 41
15 42 48 42
15 43 52 85
15 44 76 78
15 45 -9 39
15 46 64 56
15 47 2 34
15 48 1 29
15 49 70 50
15 50 42 81
16 17 80 2
16 18 77 67
16 19 9 57
16 20 89 56
16 21 91 40
16 22 24 -8
16 23 98 88
16 24 53 25
16 25 42 33
16 26 69 69
16 27 22 51
16 28 49 63
16 29 34 89
16 30 4 97
16 31 10 53
16 32 79 30
16 33 58 -10
16 34 4 73
16 35 73 73
16 36 39 26
16 37 25 30
16 38 53 60
16 39 4 45
16 40 74 22
16 41 25 39
16 42 68 17
16 43 84 92
16 44 -5 41
16 45 42 46
16 46 59 89
16 47 30 4
16 48 15 11
16 49 73 33
16 50 33 57
17 18 74 36
17 19 78 61
17 20 13 93
17 21 41 65
17 22 44 31
17 23 15 93
17 24 83 20
17 25 15 11
17 26 -4 28
17 27 9 63
17 28 63 54
17 29 67 61
17 30 28 55
17 31 38 84
17 32 86 41
17 33 22 11
17 34 91 56
17 35 -8 41
17 36 55 32
17 37 56 91
17 38 18 74
17 39 89 79
17 40 -9 19
17 41 13 57
17 42 86 8
17 43 29 33
17 44 60 91
17 45 32 40
17 46 82 77
17 47 8 18
17 48 48 99
17 49 -5 52
17 50 51 69
18 19 0 79
18 20 72 96
18 21 60 74
18 22 42 72
18 23 35 47
18 24 11 35
18 25 18 67
18 26 33 54
18 27 50 65
18 28 61 33
18 29 35 30
18 30 34 11
18 31 92 7
18 32 37 61
18 33 -1 92
18 34 92 4
18 35 65 67
18 36 69 82
18 37 80 22
18 38 83 89
18 39 4 97
18 40 52 -4
18 41 32 82
18 42 21 8
18 43 95 51
18 44 36 91
18 45 -8 -5
18 46 58 16
18 47 47 61
18 48 87 99
18 49 16 53
18 50 -2 6
19 20 93 46
19 21 28 96
19 22 39 10
19 23 51 17
19 24 24 43
19 25 44 43
19 26 48 84
19 27 72 42
19 28 60 12
19 29 70 34
19 30 3 59
19 31 64 66
19 32 55 98
19 33 50 53
19 34 73 67
19 35 9 90
19 36 61 64
19 37 53 70
19 38 83 66
19 39 46 16
19 40 0 66
19 41 6 96
19 42 16 92
19 43 65 22
19 44 29 -8
19 45 87 45
19 46 51 51
19 47 47 -6
19 48 53 9
19 49 -4 67
19 50 97 47
20 21 51 53
20 22 49 64
20 23 34 94
20 24 -8 18
20 25 57 69
20 26 36 18
20 27 35 70
20 28 3 6
20 29 98 -5
20 30 31 100
20 31 55 69
20 32 84 30
20 33 21 71
20 34 91 33
20 35 36 27
20 36 -7 68
20 37 55 -1
20 38 23 42
20 39 23 25
20 40 88 81
20 41 23 54
20 42 -4 55
20 43 -8 70
20 44 18 13
20 45 38 -2
20 46 99 29
20 47 12 98
20 48 43 81
20 49 -10 10
20 50 72 52
21 22 54 16
21 23 50 30
21 24 -2 55
21 25 75 97
21 26 3 68
21 27 61 40
21 28 20 5
21 29 73 71
21 30 52 13
21 31 29 74
21 32 23 15
21 33 29 1
21 34 82 12
21 35 41 68
21 36 81 82
21 37 -10 61
21 38 99 8
21 39 56 75
21 40 2 31
21 41 69 -5
21 42 10 24
21 43 9 80
21 44 80 -8
21 45 17 86
21 46 60 43
21 47 21 75
21 48 100 42
21 49 72 26
21 50 69 60
22 23 14 25
22 24 30 10
22 25 7 18
22 26 0 27
22 27 48 40
22 28 89 -8
22 29 53 87
22 30 83 11
22 31 34 23
22 32 81 9
22 33 23 41
22 34 27 97
22 35 -2 16
22 36 19 40
22 37 92 37
22 38 81 43
22 39 67 19
22 40 18 26
22 41 65 15
22 42 84 99
22 43 45 84
22 44 29 18
22 45 -1 65
22 46 28 19
22 47 79 65
22 48 80 12
22 49 97 72
22 50 35 55
23 24 16 31
23 25 33 68
23 26 39 95
23 27 83 21
23 28 84 99
23 29 38 2
23 30 86 95
23 31 5 100
23 32 35 19
23 33 63 82
23 34 28 46
23 35 41 39
23 36 32 14
23 37 82 86
23 38 24 57
23 39 75 53
23 40 79 51
23 41 6 18
23 42 77 64
23 43 26 38
23 44 60 29
23 45 66 38
23 46 91 79
23 47 14 45
23 48 -6 78
23 49 19 54
23 50 36 75
24 25 92 38
24 26 41 70
24 27 -7 88
24 28 5 32
24 29 8 69
24 30 15 36
24 31 33 44
24 32 -4 -3
24 33 82 1
24 34 31 -6
24 35 12 57
24 36 82 37
24 37 54 75
24 38 39 66
24 39 51 42
24 40 9 -7
24 41 67 16
24 42 9 16
24 43 86 85
24 44 9 60
24 45 79 44
24 46 23 22
24 47 72 -10
24 48 8 10
24 49 22 88
24 50 68 24
25 26 71 5
25 27 75 89
25 28 58 27
25 29 30 80
25 30 57 26
25 31 87 48
25 32 48 15
25 33 95 87
25 34 79 7
25 35 62 52
25 36 51 68
25 37 59 66
25 38 83 25
25 39 57 61
25 40 98 89
25 41 16 25
25 42 46 91
25 43 4 38
25 44 93 65
25 45 -2 16
25 46 48 25
25 47 23 12
25 48 55 56
25 49 58 56
25 50 93 2
26 27 62 13
26 28 82 91
26 29 57 39
26 30 63 15
26 31 15 -8
26 32 58 10
26 33 40 83
26 34 49 86
26 35 42 45
26 36 70 94
26 37 40 12
26 38 89 95
26 39 85 -2
26 40 79 78
26 41 19 25
26 42 0 11
26 43 72 97
26 44 62 -2
26 45 11 97
26 46 14 64
26 47 14 -10
26 48 93 71
26 49 86 -1
26 50 92 86
27 28 83 6
27 29 26 83
27 30 -5 47
27 31 -7 50
27 32 25 2
27 33 22 93
27 34 7 93
27 35 51 59
27 36 44 -5
27 37 72 24
27 38 -8 17
27 39 62 89
27 40 2 19
27 41 40 82
27 42 62 8
27 43 87 77
27 44 54 32
27 45 38 11
27 46 75 32
27 47 51 24
27 48 29 1
27 49 62 47
27 50 98 8
28 29 62 46
28 30 10 48
28 31 43 -9
28 32 76 29
28 33 91 1
28 34 50 12
28 35 68 13
28 36 31 89
28 37 50 8
28 38 2 6
28 39 8 3
28 40 4 77
28 41 61 18
28 42 81 0
28 43 32 0
28 44 61 47
28 45 44 3
28 46 81 22
28 47 76 -7
28 48 52 57
28 49 78 21
28 50 74 94
29 30 53 56
29 31 51 50
29 32 41 47
29 33 63 15
29 34 30 51
29 35 10 66
29 36 100 31
29 37 1 17
29 38 68 8
29 39 -5 52
29 40 61 22
29 41 -8 78
29 42 98 66
29 43 37 92
29 44 58 19
29 45 37 44
29 46 38 -7
29 47 52 71
29 48 94 95
29 49 32 26
29 50 81 10
30 31 34 65
30 32 94 44
30 33 49 37
30 34 57 77
30 35 -6 91
30 36 97 44
30 37 58 0
30 38 85 85
30 39 -9 48
30 40 62 19
30 41 34 65
30 42 -3 22
30 43 43 -7
30 44 92 -5
30 45 12 96
30 46 11 80
30 47 4 -9
30 48 -3 41
30 49 46 26
30 50 93 69
31 32 41 95
31 33 56 89
31 34 29 42
31 35 -4 57
31 36 13 62
31 37 62 -3
31 38 81 48
31 39 26 -4
31 40 11 -7
31 41 75 -6
31 42 76 75
31 43 96 99
31 44 57 60
31 45 70 47
31 46 49 68
31 47 -7 29
31 48 -4 79
31 49 3 80
31 50 100 47
32 33 40 32
32 34 67 59
32 35 65 -4
32 36 -3 94
32 37 18 79
32 38 58 56
32 39 4 23
32 40 34 23
32 41 59 88
32 42 19 77
32 43 93 1
32 44 75 63
32 45 44 90
32 46 0 81
32 47 -2 78
32 48 85 -8
32 49 88 96
32 50 83 94
33 34 32 70
33 35 59 83
33 36 76 22
33 37 82 80
33 38 28 35
33 39 65 44
33 40 28 64
33 41 23 77
33 42 77 64
33 43 -5 95
33 44 -8 80
33 45 54 40
33 46 19 11
33 47 49 55
33 48 24 0
33 49 41 2
33 50 29 82
34 35 97 81
34 36 93 81
34 37 65 58
34 38 -5 10
34 39 19 38
34 40 69 78
34 41 -4 8
34 42 37 82
34 43 71 36
34 44 93 18
34 45 35 51
34 46 42 27
34 47 69 55
34 48 26 17
34 49 27 91
34 50 -8 31
35 36 27 21
35 37 73 63
35 38 91 83
35 39 -9 65
35 40 55 90
35 41 21 93
35 42 79 99
35 43 2 64
35 44 8 -8
35 45 21 91
35 46 38 82
35 47 6 -1
35 48 89 13
35 49 97 28
35 50 33 32
36 37 14 -6
36 38 60 40
36 39 7 -5
36 40 46 -3
36 41 9 49
36 42 -5 5
36 43 12 53
36 44 41 22
36 45 89 61
36 46 55 44
36 47 -6 11
36 48 94 35
36 49 27 57
36 50 37 28
37 38 14 -2
37 39 57 55
37 40 64 99
37 41 44 11
37 42 7 63
37 43 0 -3
37 44 56 -1
37 45 8 87
37 46 84 25
37 47 3 -1
37 48 4 95
37 49 86 55
37 50 37 17
38 39 42 26
38 40 -7 83
38 41 45 80
38 42 81 14
38 43 40 7
38 44 -3 18
38 45 48 91
38 46 11 24
38 47 97 90
38 48 35 35
38 49 52 53
38 50 76 -5
39 40 32 40
39 41 61 48
39 42 76 33
39 43 6 14
39 44 60 21
39 45 34 86
39 46 -8 28
39 47 82 47
39 48 15 -10
39 49 31 2
39 50 87 44
40 41 1 67
40 42 98 47
40 43 14 99
40 44 99 79
40 45 56 62
40 46 8 84
40 47 47 71
40 48 74 70
40 49 -5 84
40 50 46 30
41 42 43 18
41 43 63 87
41 44 29 -8
41 45 58 17
41 46 57 5
41 47 24 8
41 48 41 -1
41 49 60 65
41 50 -4 37
42 43 0 32
42 44 73 95
42 45 89 84
42 46 93 8
42 47 -10 78
42 48 -4 65
42 49 78 70
42 50 84 81
43 44 96 65
43 45 41 77
43 46 -5 81
43 47 92 -4
43 48 59 1
43 49 88 99
43 50 7 99
44 45 10 89
44 46 30 11
44 47 4 79
44 48 15 73
44 49 -1 77
44 50 35 22
45 46 73 85
45 47 64 3
45 48 93 66
45 49 97 55
45 50 77 62
46 47 30 94
46 48 19 81
46 49 25 30
46 50 87 64
47 48 35 28
47 49 19 49
47 50 44 -3
48 49 67 14
48 50 39 81
49 50 40 95
50
18 17
16 29
40 20
14 1
4 6
49 38
47 28
25 1
42 23
2 11
2 8
43 30
36 46
35 26
30 42
9 50
49 37
1 48
3 24
27 15
45 33
32 20
46 13
26 7
29 6
41 26
5 39
47 48
12 2
38 24
32 44
2 40
13 40
9 49
11 46
39 31
46 49
8 7
42 9
43 4
8 10
34 35
43 7
31 36
20 39
35 9
3 41
24 15
19 37
32 28
