100 9900
1 2 75 11
1 3 69 66
1 4 91 51
1 5 48 57
1 6 15 38
1 7 53 70
1 8 -5 60
1 9 45 85
1 10 26 66
1 11 74 59
1 12 20 -10
1 13 96 92
1 14 85 80
1 15 11 4
1 16 56 -5
1 17 18 34
1 18 36 24
1 19 47 84
1 20 43 74
1 21 48 97
1 22 22 71
1 23 4 -4
1 24 68 96
1 25 88 97
1 26 35 98
1 27 100 31
1 28 -2 95
1 29 11 -7
1 30 54 89
1 31 94 98
1 32 1 76
1 33 -2 94
1 34 -6 43
1 35 92 -3
1 36 65 58
1 37 -4 100
1 38 86 13
1 39 90 96
1 40 8 88
1 41 -5 60
1 42 76 19
1 43 31 75
1 44 -6 55
1 45 53 99
1 46 22 100
1 47 38 100
1 48 -2 73
1 49 0 3
1 50 32 81
1 51 63 25
1 52 61 54
1 53 38 80
1 54 -1 10
1 55 73 42
1 56 63 0
1 57 6 97
1 58 36 78
1 59 30 84
1 60 31 -3
1 61 22 35
1 62 6 52
1 63 98 -7
1 64 40 -4
1 65 2 56
1 66 61 82
1 67 -10 58
1 68 -9 63
1 69 28 41
1 70 8 51
1 71 81 44
1 72 13 8
1 73 65 25
1 74 86 23
1 75 32 96
1 76 -8 99
1 77 1 30
1 78 70 33
1 79 86 26
1 80 55 68
1 81 37 55
1 82 81 91
1 83 64 71
1 84 28 45
1 85 60 31
1 86 66 -3
1 87 100 21
1 88 22 58
1 89 87 38
1 90 44 10
1 91 38 2
1 92 13 -1
1 93 52 72
1 94 60 78
1 95 58 21
1 96 6 73
1 97 66 33
1 98 0 63
1 99 21 -5
1 100 -7 90
2 3 47 9
2 4 -4 51
2 5 16 -5
2 6 4 95
2 7 82 1
2 8 -3 17
2 9 16 4
2 10 58 16
2 11 76 93
2 12 93 74
2 13 95 65
2 14 32 65
2 15 36 20
2 16 67 15
2 17 94 78
2 18 6 73
2 19 61 1
2 20 66 -10
2 21 3 81
2 22 44 75
2 23 26 91
2 24 -10 10
2 25 -3 26
2 26 35 90
2 27 42 42
2 28 -5 15
2 29 55 34
2 30 55 70
2 31 6 -9
2 32 64 5
2 33 76 1
2 34 66 95
2 35 69 49
2 36 89 69
2 37 26 -6
2 38 35 91
2 39 42 75
2 40 48 49
2 41 83 73
2 42 63 71
2 43 83 33
2 44 37 39
2 45 46 11
2 46 61 49
2 47 78 11
2 48 79 91
2 49 79 12
2 50 50 -5
2 51 66 22
2 52 34 9
2 53 89 13
2 54 62 67
2 55 3 -7
2 56 -9 51
2 57 48 78
2 58 65 14
2 59 18 34
2 60 -6 6
2 61 -9 99
2 62 45 82
2 63 95 99
2 64 1 16
2 65 10 22
2 66 76 67
2 67 96 64
2 68 34 33
2 69 59 58
2 70 88 59
2 71 21 2
2 72 19 89
2 73 68 66
2 74 30 82
2 75 54 55
2 76 30 -1
2 77 45 29
2 78 -5 44
2 79 93 39
2 80 83 19
2 81 43 70
2 82 77 2
2 83 68 37
2 84 89 52
2 85 32 10
2 86 82 64
2 87 99 60
2 88 -6 18
2 89 85 79
2 90 0 62
2 91 4 72
2 92 86 4
2 93 -3 27
2 94 23 12
2 95 98 98
2 96 91 55
2 97 -8 6
2 98 30 40
2 99 13 63
2 100 59 91
3 4 24 77
3 5 43 78
3 6 92 53
3 7 -8 23
3 8 59 34
3 9 15 34
3 10 71 57
3 11 14 79
3 12 10 6
3 13 32 68
3 14 8 26
3 15 66 14
3 16 56 50
3 17 66 60
3 18 20 99
3 19 76 40
3 20 25 24
3 21 61 92
3 22 11 51
3 23 23 38
3 24 82 42
3 25 66 87
3 26 11 3
3 27 9 84
3 28 88 94
3 29 91 80
3 30 20 56
3 31 21 75
3 32 11 100
3 33 97 45
3 34 8 57
3 35 60 26
3 36 59 79
3 37 61 100
3 38 5 60
3 39 28 94
3 40 70 58
3 41 2 28
3 42 4 64
3 43 57 40
3 44 77 49
3 45 8 15
3 46 30 4
3 47 58 47
3 48 99 33
3 49 17 44
3 50 65 96
3 51 60 0
3 52 9 82
3 53 93 90
3 54 -5 78
3 55 45 5
3 56 94 36
3 57 20 60
3 58 12 39
3 59 70 85
3 60 28 84
3 61 45 35
3 62 1 87
3 63 50 40
3 64 56 89
3 65 98 -9
3 66 43 -5
3 67 91 -1
3 68 58 95
3 69 78 100
3 70 24 50
3 71 67 74
3 72 69 -9
3 73 52 86
3 74 -7 4
3 75 82 55
3 76 58 25
3 77 41 54
3 78 81 68
3 79 92 40
3 80 85 13
3 81 72 86
3 82 29 68
3 83 65 35
3 84 21 49
3 85 98 66
3 86 6 79
3 87 2 35
3 88 75 75
3 89 -7 12
3 90 89 34
3 91 96 84
3 92 49 18
3 93 86 87
3 94 55 14
3 95 23 99
3 96 16 88
3 97 32 -9
3 98 56 82
3 99 41 45
3 100 22 23
4 5 41 20
4 6 44 57
4 7 -10 -6
4 8 48 69
4 9 36 57
4 10 50 93
4 11 45 46
4 12 27 75
4 13 -4 81
4 14 -5 12
4 15 77 79
4 16 82 7
4 17 50 -2
4 18 31 72
4 19 81 10
4 20 21 -8
4 21 53 15
4 22 51 90
4 23 81 -4
4 24 47 70
4 25 29 93
4 26 27 95
4 27 69 13
4 28 96 96
4 29 -2 24
4 30 17 38
4 31 58 74
4 32 -6 92
4 33 77 80
4 34 20 30
4 35 49 18
4 36 26 61
4 37 87 17
4 38 31 89
4 39 47 83
4 40 23 34
4 41 11 58
4 42 98 41
4 43 6 57
4 44 80 13
4 45 64 80
4 46 72 65
4 47 40 12
4 48 20 28
4 49 20 64
4 50 93 66
4 51 50 99
4 52 2 73
4 53 99 -5
4 54 38 44
4 55 28 -7
4 56 54 86
4 57 87 52
4 58 26 36
4 59 34 45
4 60 96 76
4 61 68 41
4 62 31 45
4 63 91 7
4 64 16 58
4 65 79 86
4 66 27 95
4 67 31 -5
4 68 22 46
4 69 48 82
4 70 -10 9
4 71 -9 74
4 72 84 -7
4 73 50 2
4 74 66 79
4 75 46 30
4 76 73 28
4 77 6 73
4 78 -1 94
4 79 96 -3
4 80 5 32
4 81 8 4
4 82 14 36
4 83 58 47
4 84 78 39
4 85 62 2
4 86 -5 82
4 87 87 1
4 88 75 27
4 89 35 93
4 90 6 42
4 91 21 22
4 92 49 51
4 93 32 21
4 94 76 5
4 95 87 39
4 96 31 -7
4 97 46 80
4 98 58 -9
4 99 -1 69
4 100 -10 73
5 6 -5 51
5 7 63 49
5 8 7 31
5 9 70 58
5 10 99 21
5 11 94 22
5 12 22 23
5 13 41 25
5 14 44 73
5 15 65 66
5 16 98 -4
5 17 37 39
5 18 75 20
5 19 17 14
5 20 57 19
5 21 99 69
5 22 -1 40
5 23 11 -4
5 24 24 71
5 25 94 9
5 26 68 97
5 27 31 65
5 28 67 52
5 29 -2 47
5 30 58 93
5 31 -2 97
5 32 59 0
5 33 75 8
5 34 -9 72
5 35 36 62
5 36 38 65
5 37 33 76
5 38 8 0
5 39 33 87
5 40 7 59
5 41 15 98
5 42 18 7
5 43 51 58
5 44 -7 50
5 45 60 68
5 46 68 1
5 47 20 39
5 48 10 23
5 49 82 60
5 50 0 39
5 51 22 13
5 52 62 40
5 53 12 26
5 54 17 57
5 55 54 3
5 56 29 82
5 57 92 5
5 58 20 37
5 59 99 7
5 60 82 -3
5 61 25 13
5 62 27 41
5 63 -1 10
5 64 75 2
5 65 60 28
5 66 75 0
5 67 -1 72
5 68 31 74
5 69 30 74
5 70 24 2
5 71 40 0
5 72 77 92
5 73 61 44
5 74 72 2
5 75 -1 24
5 76 29 57
5 77 0 37
5 78 27 54
5 79 25 0
5 80 93 47
5 81 70 8
5 82 83 14
5 83 11 13
5 84 83 4
5 85 4 19
5 86 36 30
5 87 27 -8
5 88 20 63
5 89 26 97
5 90 37 45
5 91 -4 0
5 92 54 19
5 93 -1 94
5 94 32 32
5 95 91 -4
5 96 57 -9
5 97 7 -7
5 98 16 16
5 99 78 69
5 100 41 50
6 7 82 89
6 8 84 95
6 9 52 45
6 10 31 46
6 11 64 66
6 12 50 68
6 13 81 48
6 14 41 6
6 15 42 23
6 16 84 88
6 17 40 69
6 18 64 72
6 19 47 74
6 20 98 84
6 21 81 100
6 22 2 64
6 23 1 8
6 24 39 24
6 25 17 62
6 26 4 33
6 27 54 97
6 28 75 34
6 29 74 24
6 30 85 84
6 31 68 58
6 32 32 30
6 33 36 59
6 34 21 40
6 35 60 90
6 36 62 92
6 37 44 61
6 38 -8 46
6 39 71 91
6 40 46 -9
6 41 70 -1
6 42 29 93
6 43 72 9
6 44 97 83
6 45 37 11
6 46 62 94
6 47 95 42
6 48 16 77
6 49 81 39
6 50 95 34
6 51 57 86
6 52 -6 70
6 53 60 85
6 54 65 31
6 55 75 -4
6 56 69 74
6 57 91 56
6 58 29 6
6 59 82 84
6 60 10 42
6 61 52 4
6 62 5 -2
6 63 54 4
6 64 -1 19
6 65 83 100
6 66 42 58
6 67 75 42
6 68 13 60
6 69 76 10
6 70 7 95
6 71 47 34
6 72 100 29
6 73 84 65
6 74 80 47
6 75 99 90
6 76 71 66
6 77 0 52
6 78 26 25
6 79 99 56
6 80 81 20
6 81 47 48
6 82 61 31
6 83 42 -8
6 84 84 42
6 85 60 78
6 86 29 28
6 87 87 71
6 88 48 48
6 89 1 80
6 90 64 94
6 91 44 66
6 92 16 5
6 93 68 48
6 94 97 30
6 95 24 56
6 96 19 17
6 97 12 42
6 98 10 21
6 99 -6 81
6 100 12 13
7 8 47 71
7 9 -6 89
7 10 5 22
7 11 -4 77
7 12 41 21
7 13 78 59
7 14 37 32
7 15 71 63
7 16 44 7
7 17 29 82
7 18 11 69
7 19 92 -4
7 20 8 -5
7 21 49 5
7 22 -3 80
7 23 21 -2
7 24 -4 16
7 25 -8 67
7 26 96 21
7 27 63 94
7 28 11 60
7 29 20 27
7 30 69 23
7 31 83 -3
7 32 71 12
7 33 71 56
7 34 -9 12
7 35 15 -2
7 36 58 34
7 37 71 26
7 38 22 37
7 39 11 63
7 40 -8 45
7 41 1 54
7 42 46 64
7 43 75 81
7 44 62 95
7 45 94 54
7 46 70 44
7 47 -4 58
7 48 94 18
7 49 75 68
7 50 -7 77
7 51 18 84
7 52 35 81
7 53 21 28
7 54 70 0
7 55 83 13
7 56 95 10
7 57 54 40
7 58 41 6
7 59 5 43
7 60 38 18
7 61 79 2
7 62 100 31
7 63 22 82
7 64 84 31
7 65 -10 13
7 66 14 97
7 67 78 28
7 68 64 90
7 69 93 85
7 70 1 75
7 71 -2 47
7 72 95 39
7 73 78 83
7 74 32 92
7 75 87 48
7 76 85 50
7 77 7 22
7 78 85 31
7 79 -2 -10
7 80 47 13
7 81 3 11
7 82 58 11
7 83 1 22
7 84 53 66
7 85 84 -10
7 86 89 -10
7 87 21 8
7 88 52 -10
7 89 53 70
7 90 -8 87
7 91 26 90
7 92 69 48
7 93 51 73
7 94 27 1
7 95 75 25
7 96 67 78
7 97 16 32
7 98 73 -4
7 99 97 90
7 100 25 31
8 9 48 33
8 10 28 77
8 11 15 47
8 12 76 70
8 13 15 9
8 14 78 96
8 15 38 16
8 16 39 23
8 17 93 6
8 18 10 10
8 19 70 93
8 20 27 40
8 21 52 76
8 22 55 50
8 23 40 30
8 24 27 35
8 25 -10 91
8 26 -4 -2
8 27 19 96
8 28 38 68
8 29 -4 85
8 30 62 56
8 31 -6 31
8 32 33 20
8 33 25 51
8 34 66 3
8 35 99 22
8 36 62 -4
8 37 5 56
8 38 24 11
8 39 -7 43
8 40 11 -4
8 41 36 66
8 42 45 75
8 43 43 13
8 44 35 9
8 45 72 26
8 46 -5 47
8 47 29 0
8 48 79 25
8 49 58 93
8 50 13 29
8 51 56 81
8 52 70 27
8 53 96 67
8 54 27 32
8 55 27 19
8 56 97 91
8 57 -2 71
8 58 30 81
8 59 67 37
8 60 70 94
8 61 92 62
8 62 19 69
8 63 1 80
8 64 21 0
8 65 69 77
8 66 79 82
8 67 64 88
8 68 -7 35
8 69 72 95
8 70 84 42
8 71 54 43
8 72 39 3
8 73 50 56
8 74 51 45
8 75 57 33
8 76 91 51
8 77 69 27
8 78 97 43
8 79 100 79
8 80 38 49
8 81 94 2
8 82 32 77
8 83 90 100
8 84 9 46
8 85 7 42
8 86 22 100
8 87 93 88
8 88 -9 67
8 89 -8 64
8 90 56 58
8 91 13 70
8 92 39 11
8 93 72 51
8 94 35 88
8 95 95 89
8 96 -8 60
8 97 53 60
8 98 51 10
8 99 16 58
8 100 62 -8
9 10 -6 63
9 11 -1 -4
9 12 -1 59
9 13 88 83
9 14 81 58
9 15 17 57
9 16 95 21
9 17 87 58
9 18 45 58
9 19 27 38
9 20 89 39
9 21 62 -6
9 22 98 44
9 23 73 7
9 24 66 18
9 25 74 76
9 26 46 99
9 27 96 84
9 28 84 41
9 29 85 73
9 30 64 89
9 31 11 23
9 32 96 5
9 33 60 72
9 34 19 11
9 35 29 0
9 36 92 14
9 37 58 50
9 38 79 84
9 39 52 4
9 40 53 74
9 41 41 6
9 42 37 45
9 43 68 7
9 44 34 69
9 45 62 17
9 46 3 70
9 47 46 69
9 48 -1 70
9 49 23 36
9 50 42 94
9 51 67 16
9 52 -3 58
9 53 89 35
9 54 43 23
9 55 -2 35
9 56 25 89
9 57 98 66
9 58 6 34
9 59 60 -7
9 60 24 63
9 61 89 99
9 62 1 65
9 63 42 -9
9 64 1 26
9 65 43 -9
9 66 0 2
9 67 62 11
9 68 87 78
9 69 -6 22
9 70 6 41
9 71 6 76
9 72 100 17
9 73 -3 73
9 74 5 15
9 75 76 77
9 76 2 12
9 77 19 80
9 78 60 43
9 79 34 76
9 80 85 47
9 81 82 68
9 82 66 40
9 83 40 36
9 84 50 0
9 85 -5 -6
9 86 14 12
9 87 76 68
9 88 23 73
9 89 95 -6
9 90 -7 6
9 91 36 89
9 92 90 88
9 93 25 56
9 94 70 97
9 95 38 -7
9 96 70 83
9 97 71 -6
9 98 60 -4
9 99 -1 3
9 100 52 44
10 11 35 39
10 12 29 45
10 13 55 41
10 14 20 -8
10 15 14 65
10 16 85 66
10 17 100 75
10 18 -3 63
10 19 57 91
10 20 47 79
10 21 33 84
10 22 90 18
10 23 67 45
10 24 17 90
10 25 65 57
10 26 7 77
10 27 35 -10
10 28 79 92
10 29 86 66
10 30 59 49
10 31 -8 48
10 32 98 61
10 33 -6 8
10 34 15 35
10 35 54 74
10 36 78 65
10 37 99 57
10 38 21 51
10 39 36 45
10 40 95 100
10 41 48 49
10 42 73 17
10 43 -5 12
10 44 64 30
10 45 53 63
10 46 27 10
10 47 21 100
10 48 62 70
10 49 -3 43
10 50 80 31
10 51 22 -10
10 52 91 39
10 53 81 81
10 54 79 -1
10 55 9 76
10 56 37 0
10 57 81 14
10 58 66 58
10 59 3 73
10 60 -1 58
10 61 29 81
10 62 92 86
10 63 13 93
10 64 -4 41
10 65 81 37
10 66 38 26
10 67 -7 84
10 68 24 20
10 69 53 -10
10 70 67 24
10 71 73 -10
10 72 72 -2
10 73 17 97
10 74 -4 31
10 75 5 95
10 76 65 79
10 77 100 61
10 78 18 81
10 79 51 52
10 80 100 49
10 81 93 78
10 82 45 54
10 83 49 -9
10 84 39 78
10 85 100 65
10 86 59 96
10 87 -9 43
10 88 71 80
10 89 -7 16
10 90 98 3
10 91 61 88
10 92 28 81
10 93 76 77
10 94 72 56
10 95 48 37
10 96 65 36
10 97 94 13
10 98 82 88
10 99 2 -6
10 100 -4 100
11 12 34 30
11 13 -2 38
11 14 41 46
11 15 51 54
11 16 76 43
11 17 46 19
11 18 48 42
11 19 62 40
11 20 -2 97
11 21 71 19
11 22 2 75
11 23 3 87
11 24 96 96
11 25 52 30
11 26 57 72
11 27 74 29
11 28 95 88
11 29 11 15
11 30 70 79
11 31 68 84
11 32 85 94
11 33 97 100
11 34 26 77
11 35 3 34
11 36 29 30
11 37 43 74
11 38 -6 31
11 39 98 31
11 40 70 43
11 41 11 82
11 42 66 32
11 43 57 4
11 44 92 70
11 45 37 98
11 46 18 -4
11 47 25 71
11 48 -10 56
11 49 91 47
11 50 38 64
11 51 5 8
11 52 28 48
11 53 38 88
11 54 78 85
11 55 7 64
11 56 94 27
11 57 2 -5
11 58 6 94
11 59 38 -10
11 60 67 89
11 61 28 52
11 62 5 7
11 63 40 15
11 64 35 20
11 65 -7 90
11 66 42 -6
11 67 31 2
11 68 36 53
11 69 15 12
11 70 17 70
11 71 70 83
11 72 77 92
11 73 22 89
11 74 63 -9
11 75 100 24
11 76 79 100
11 77 16 40
11 78 24 -10
11 79 47 67
11 80 17 17
11 81 50 34
11 82 34 38
11 83 89 23
11 84 6 45
11 85 86 -9
11 86 48 59
11 87 1 100
11 88 5 42
11 89 94 45
11 90 32 22
11 91 -8 86
11 92 47 83
11 93 13 38
11 94 54 12
11 95 83 56
11 96 98 37
11 97 10 96
11 98 20 45
11 99 34 0
11 100 33 20
12 13 50 36
12 14 71 -9
12 15 27 18
12 16 78 66
12 17 64 26
12 18 24 6
12 19 14 28
12 20 86 77
12 21 14 34
12 22 41 -5
12 23 4 12
12 24 1 16
12 25 34 59
12 26 91 39
12 27 4 70
12 28 56 -8
12 29 48 52
12 30 94 28
12 31 3 9
12 32 -10 22
12 33 45 83
12 34 62 61
12 35 93 42
12 36 17 42
12 37 63 85
12 38 46 45
12 39 41 36
12 40 92 -2
12 41 61 45
12 42 52 83
12 43 16 65
12 44 44 33
12 45 7 0
12 46 16 56
12 47 65 37
12 48 43 15
12 49 63 10
12 50 -2 -9
12 51 72 93
12 52 76 93
12 53 74 80
12 54 23 8
12 55 74 25
12 56 47 48
12 57 55 18
12 58 84 3
12 59 21 -5
12 60 35 28
12 61 23 49
12 62 7 43
12 63 72 36
12 64 76 36
12 65 37 94
12 66 63 15
12 67 -6 73
12 68 -6 23
12 69 54 60
12 70 8 41
12 71 41 79
12 72 16 3
12 73 -9 51
12 74 42 62
12 75 61 3
12 76 30 64
12 77 55 84
12 78 12 98
12 79 2 95
12 80 78 7
12 81 31 -2
12 82 84 86
12 83 54 97
12 84 87 76
12 85 38 -5
12 86 -1 47
12 87 7 2
12 88 91 63
12 89 31 0
12 90 88 21
12 91 97 85
12 92 58 63
12 93 52 4
12 94 -2 36
12 95 34 64
12 96 35 62
12 97 94 87
12 98 46 90
12 99 63 27
12 100 76 58
13 14 14 -7
13 15 -8 17
13 16 10 98
13 17 81 76
13 18 97 56
13 19 38 17
13 20 52 11
13 21 93 92
13 22 100 55
13 23 99 65
13 24 80 84
13 25 -6 23
13 26 53 46
13 27 23 34
13 28 70 23
13 29 53 74
13 30 4 62
13 31 12 19
13 32 13 1
13 33 65 70
13 34 24 20
13 35 49 38
13 36 22 7
13 37 19 67
13 38 -8 -10
13 39 4 47
13 40 34 -6
13 41 -7 94
13 42 9 84
13 43 70 -10
13 44 3 2
13 45 70 6
13 46 3 25
13 47 58 73
13 48 21 91
13 49 67 52
13 50 30 24
13 51 71 37
13 52 87 61
13 53 23 67
13 54 39 11
13 55 1 -8
13 56 80 50
13 57 92 88
13 58 10 81
13 59 52 91
13 60 94 54
13 61 -9 -3
13 62 42 32
13 63 75 94
13 64 63 34
13 65 32 58
13 66 30 79
13 67 57 23
13 68 74 -6
13 69 -8 64
13 70 99 100
13 71 32 25
13 72 87 2
13 73 40 99
13 74 -8 15
13 75 58 60
13 76 21 61
13 77 100 21
13 78 99 100
13 79 52 7
13 80 69 80
13 81 -4 17
13 82 24 19
13 83 90 92
13 84 84 61
13 85 68 2
13 86 89 34
13 87 31 -8
13 88 45 6
13 89 86 32
13 90 58 23
13 91 18 54
13 92 90 3
13 93 49 28
13 94 52 17
13 95 10 93
13 96 58 23
13 97 -9 42
13 98 27 23
13 99 17 95
13 100 95 14
14 15 98 50
14 16 66 85
14 17 -4 33
14 18 22 76
14 19 21 15
14 20 79 12
14 21 71 26
14 22 41 49
14 23 22 2
14 24 35 6
14 25 54 98
14 26 11 12
14 27 22 35
14 28 95 98
14 29 20 68
14 30 58 46
14 31 39 83
14 32 100 57
14 33 100 23
14 34 21 28
14 35 19 39
14 36 58 10
14 37 43 29
14 38 4 75
14 39 41 94
14 40 68 92
14 41 25 27
14 42 71 62
14 43 39 52
14 44 83 54
14 45 14 62
14 46 58 68
14 47 32 -4
14 48 2 50
14 49 6 18
14 50 92 -2
14 51 80 54
14 52 82 22
14 53 90 91
14 54 75 44
14 55 -6 -7
14 56 91 95
14 57 24 -7
14 58 -3 78
14 59 34 81
14 60 83 3
14 61 55 95
14 62 99 86
14 63 8 83
14 64 84 69
14 65 67 -7
14 66 32 56
14 67 75 -4
14 68 48 78
14 69 -10 34
14 70 -4 76
14 71 82 64
14 72 32 77
14 73 48 73
14 74 86 53
14 75 46 22
14 76 1 71
14 77 46 81
14 78 29 19
14 79 92 24
14 80 85 88
14 81 70 35
14 82 -8 62
14 83 94 82
14 84 -8 87
14 85 70 15
14 86 17 48
14 87 76 0
14 88 11 71
14 89 43 24
14 90 4 92
14 91 98 50
14 92 25 79
14 93 92 34
14 94 61 6
14 95 30 29
14 96 -7 29
14 97 73 66
14 98 54 47
14 99 77 89
14 100 96 36
15 16 22 39
15 17 2 83
15 18 70 92
15 19 78 19
15 20 97 5
15 21 39 24
15 22 18 77
15 23 87 79
15 24 86 15
15 25 79 38
15 26 29 52
15 27 67 94
15 28 53 36
15 29 27 58
15 30 -3 69
15 31 27 55
15 32 99 58
15 33 27 87
15 34 92 95
15 35 20 0
15 36 73 82
15 37 96 85
15 38 -9 49
15 39 6 74
15 40 45 35
15 41 98 100
15 42 100 50
15 43 43 31
15 44 68 39
15 45 81 -1
15 46 76 85
15 47 1 77
15 48 -6 74
15 49 17 8
15 50 100 81
15 51 81 53
15 52 15 85
15 53 49 -4
15 54 98 47
15 55 -7 16
15 56 68 55
15 57 -8 68
15 58 10 86
15 59 60 61
15 60 86 79
15 61 -5 35
15 62 79 14
15 63 -8 45
15 64 -5 7
15 65 44 97
15 66 19 74
15 67 32 52
15 68 45 -9
15 69 90 45
15 70 8 63
15 71 31 65
15 72 100 45
15 73 27 29
15 74 51 35
15 75 56 40
15 76 22 60
15 77 93 -1
15 78 33 30
15 79 13 22
15 80 55 25
15 81 29 12
15 82 78 -8
15 83 39 22
15 84 59 39
15 85 0 90
15 86 93 45
15 87 46 2
15 88 42 64
15 89 76 72
15 90 52 24
15 91 75 43
15 92 50 94
15 93 99 64
15 94 70 21
15 95 6 28
15 96 80 73
15 97 41 44
15 98 44 100
15 99 10 75
15 100 36 27
16 17 30 37
16 18 1 89
16 19 8 55
16 20 4 6
16 21 38 14
16 22 83 61
16 23 67 16
16 24 63 58
16 25 78 48
16 26 46 62
16 27 28 25
16 28 17 27
16 29 -10 34
16 30 60 77
16 31 2 -1
16 32 31 30
16 33 86 28
16 34 -5 66
16 35 99 77
16 36 76 88
16 37 -8 66
16 38 63 98
16 39 40 21
16 40 -2 0
16 41 13 0
16 42 58 97
16 43 71 27
16 44 35 69
16 45 19 94
16 46 71 88
16 47 76 89
16 48 -10 34
16 49 46 17
16 50 57 21
16 51 7 83
16 52 59 2
16 53 42 27
16 54 53 45
16 55 18 71
16 56 87 -9
16 57 89 86
16 58 -2 40
16 59 66 23
16 60 15 37
16 61 21 -9
16 62 59 43
16 63 4 78
16 64 48 16
16 65 4 21
16 66 50 0
16 67 10 57
16 68 71 46
16 69 -6 17
16 70 2 67
16 71 62 14
16 72 3 67
16 73 0 88
16 74 93 12
16 75 60 91
16 76 15 16
16 77 5 67
16 78 63 17
16 79 95 67
16 80 27 37
16 81 9 22
16 82 -6 9
16 83 19 88
16 84 5 19
16 85 89 57
16 86 80 13
16 87 53 65
16 88 20 75
16 89 29 87
16 90 53 62
16 91 96 45
16 92 59 45
16 93 7 41
16 94 92 72
16 95 9 29
16 96 6 45
16 97 23 9
16 98 80 80
16 99 59 53
16 100 36 45
17 18 2 88
17 19 50 87
17 20 77 51
17 21 37 95
17 22 7 -8
17 23 75 42
17 24 29 58
17 25 85 62
17 26 91 -5
17 27 89 -1
17 28 59 -5
17 29 -8 81
17 30 99 16
17 31 28 79
17 32 53 -4
17 33 96 3
17 34 34 70
17 35 1 71
17 36 61 90
17 37 60 87
17 38 97 71
17 39 17 -9
17 40 27 -7
17 41 98 -10
17 42 41 96
17 43 8 46
17 44 55 79
17 45 72 37
17 46 20 33
17 47 -3 73
17 48 87 36
17 49 98 54
17 50 40 8
17 51 5 19
17 52 78 15
17 53 19 23
17 54 50 1
17 55 81 49
17 56 63 44
17 57 66 27
17 58 94 18
17 59 50 81
17 60 -1 31
17 61 -7 66
17 62 95 48
17 63 39 71
17 64 23 50
17 65 23 57
17 66 79 49
17 67 1 33
17 68 63 98
17 69 36 32
17 70 -5 50
17 71 1 98
17 72 88 11
17 73 98 52
17 74 17 19
17 75 -1 87
17 76 62 74
17 77 -7 51
17 78 72 24
17 79 -6 53
17 80 57 63
17 81 53 -4
17 82 49 23
17 83 31 65
17 84 26 88
17 85 22 -8
17 86 37 78
17 87 -2 61
17 88 100 0
17 89 72 24
17 90 64 -4
17 91 15 22
17 92 67 59
17 93 32 49
17 94 55 88
17 95 39 66
17 96 22 51
17 97 23 54
17 98 98 -1
17 99 20 58
17 100 61 57
18 19 84 2
18 20 38 14
18 21 72 80
18 22 99 89
18 23 37 99
18 24 49 93
18 25 -6 66
18 26 25 45
18 27 52 0
18 28 65 41
18 29 15 87
18 30 66 25
18 31 23 36
18 32 79 71
18 33 54 38
18 34 10 85
18 35 97 80
18 36 -6 2
18 37 67 75
18 38 52 36
18 39 41 85
18 40 32 62
18 41 64 85
18 42 43 14
18 43 59 32
18 44 63 38
18 45 49 53
18 46 40 12
18 47 17 13
18 48 84 40
18 49 56 91
18 50 100 45
18 51 73 71
18 52 -4 67
18 53 60 58
18 54 19 18
18 55 5 39
18 56 100 0
18 57 57 35
18 58 10 -6
18 59 18 30
18 60 91 21
18 61 56 15
18 62 59 35
18 63 -5 74
18 64 4 10
18 65 93 20
18 66 35 60
18 67 42 14
18 68 83 100
18 69 26 26
18 70 55 22
18 71 10 36
18 72 69 86
18 73 47 -9
18 74 21 94
18 75 70 50
18 76 33 8
18 77 18 16
18 78 62 13
18 79 1 -10
18 80 37 77
18 81 73 -8
18 82 74 62
18 83 37 16
18 84 89 -2
18 85 6 74
18 86 47 88
18 87 91 -3
18 88 21 52
18 89 63 13
18 90 99 38
18 91 91 -3
18 92 20 40
18 93 13 18
18 94 56 70
18 95 15 35
18 96 65 53
18 97 16 53
18 98 30 61
18 99 20 51
18 100 16 52
19 20 42 37
19 21 75 64
19 22 1 18
19 23 71 -9
19 24 53 15
19 25 48 0
19 26 49 97
19 27 36 15
19 28 46 57
19 29 63 92
19 30 10 19
19 31 95 51
19 32 54 65
19 33 33 -10
19 34 54 55
19 35 16 71
19 36 100 4
19 37 -1 29
19 38 -3 -9
19 39 13 -5
19 40 71 35
19 41 83 35
19 42 56 49
19 43 78 22
19 44 48 40
19 45 100 -2
19 46 92 15
19 47 -2 98
19 48 46 25
19 49 -5 77
19 50 36 39
19 51 13 11
19 52 90 26
19 53 50 88
19 54 51 93
19 55 18 74
19 56 15 67
19 57 50 -10
19 58 37 91
19 59 53 14
19 60 81 24
19 61 14 60
19 62 40 84
19 63 26 -3
19 64 96 98
19 65 27 24
19 66 23 69
19 67 87 2
19 68 8 -4
19 69 -10 50
19 70 94 20
19 71 70 66
19 72 -10 12
19 73 70 79
19 74 94 71
19 75 39 57
19 76 24 12
19 77 62 23
19 78 65 28
19 79 -3 30
19 80 89 -2
19 81 4 94
19 82 16 -6
19 83 22 91
19 84 63 84
19 85 47 87
19 86 91 90
19 87 3 79
19 88 -1 31
19 89 94 100
19 90 45 44
19 91 37 0
19 92 80 69
19 93 5 52
19 94 19 -8
19 95 38 72
19 96 25 24
19 97 27 95
19 98 100 23
19 99 20 10
19 100 0 93
20 21 -5 17
20 22 99 93
20 23 -3 23
20 24 9 -1
20 25 79 37
20 26 47 3
20 27 -5 65
20 28 14 22
20 29 81 81
20 30 34 43
20 31 40 82
20 32 56 22
20 33 4 48
20 34 6 52
20 35 7 60
20 36 62 6
20 37 50 38
20 38 93 43
20 39 0 19
20 40 -10 -6
20 41 5 46
20 42 32 59
20 43 16 32
20 44 68 56
20 45 54 16
20 46 99 70
20 47 95 53
20 48 33 72
20 49 19 68
20 50 86 13
20 51 82 70
20 52 20 61
20 53 39 4
20 54 -4 37
20 55 91 -10
20 56 30 42
20 57 50 28
20 58 -9 13
20 59 85 61
20 60 19 93
20 61 9 58
20 62 20 68
20 63 36 57
20 64 33 40
20 65 54 75
20 66 37 68
20 67 90 -6
20 68 81 -10
20 69 0 48
20 70 15 70
20 71 36 92
20 72 61 43
20 73 45 5
20 74 19 82
20 75 82 72
20 76 -3 73
20 77 98 82
20 78 35 71
20 79 4 -6
20 80 60 1
20 81 22 -10
20 82 14 20
20 83 97 22
20 84 86 40
20 85 92 -8
20 86 40 94
20 87 -3 10
20 88 39 14
20 89 20 64
20 90 52 65
20 91 79 93
20 92 67 56
20 93 68 55
20 94 -3 48
20 95 50 66
20 96 99 52
20 97 82 -9
20 98 20 88
20 99 11 32
20 100 74 58
21 22 -2 57
21 23 13 45
21 24 25 32
21 25 91 33
21 26 43 12
21 27 42 -5
21 28 44 99
21 29 13 24
21 30 54 50
21 31 73 -7
21 32 75 56
21 33 92 -2
21 34 54 96
21 35 -1 21
21 36 76 25
21 37 35 72
21 38 58 39
21 39 99 100
21 40 72 -4
21 41 24 92
21 42 77 47
21 43 30 13
21 44 23 92
21 45 6 53
21 46 18 82
21 47 63 63
21 48 7 38
21 49 96 20
21 50 50 75
21 51 98 63
21 52 63 85
21 53 -3 12
21 54 10 24
21 55 2 27
21 56 16 16
21 57 40 99
21 58 30 87
21 59 80 43
21 60 52 43
21 61 17 98
21 62 21 48
21 63 51 0
21 64 91 10
21 65 56 76
21 66 25 79
21 67 6 83
21 68 48 93
21 69 87 33
21 70 28 14
21 71 1 52
21 72 -10 77
21 73 84 35
21 74 10 -7
21 75 99 52
21 76 75 -7
21 77 74 37
21 78 18 50
21 79 76 56
21 80 83 99
21 81 40 88
21 82 5 -9
21 83 0 98
21 84 -7 21
21 85 84 60
21 86 42 88
21 87 39 13
21 88 36 -10
21 89 59 89
21 90 -2 32
21 91 90 87
21 92 41 72
21 93 27 0
21 94 95 -3
21 95 63 98
21 96 15 81
21 97 92 33
21 98 70 0
21 99 47 24
21 100 50 37
22 23 44 54
22 24 49 -10
22 25 93 13
22 26 55 -1
22 27 10 31
22 28 -7 31
22 29 1 78
22 30 70 100
22 31 33 31
22 32 88 11
22 33 84 47
22 34 49 4
22 35 77 34
22 36 47 71
22 37 34 71
22 38 13 76
22 39 32 20
22 40 24 81
22 41 83 -7
22 42 -8 32
22 43 -10 28
22 44 58 31
22 45 75 4
22 46 7 -3
22 47 45 41
22 48 91 22
22 49 93 60
22 50 -3 77
22 51 69 48
22 52 67 82
22 53 59 90
22 54 27 50
22 55 27 61
22 56 19 84
22 57 37 83
22 58 95 52
22 59 54 23
22 60 97 -9
22 61 50 -6
22 62 22 12
22 63 -5 90
22 64 43 69
22 65 18 91
22 66 -8 -2
22 67 79 14
22 68 17 78
22 69 45 3
22 70 8 34
22 71 -8 88
22 72 32 75
22 73 46 99
22 74 74 51
22 75 20 94
22 76 8 43
22 77 12 22
22 78 51 11
22 79 19 2
22 80 25 67
22 81 -1 -9
22 82 23 39
22 83 7 39
22 84 44 87
22 85 72 49
22 86 24 20
22 87 72 21
22 88 56 66
22 89 93 52
22 90 78 -2
22 91 -9 32
22 92 44 79
22 93 99 98
22 94 39 98
22 95 24 65
22 96 6 85
22 97 57 37
22 98 48 73
22 99 50 74
22 100 11 84
23 24 10 40
23 25 95 3
23 26 -10 69
23 27 50 52
23 28 64 57
23 29 78 34
23 30 27 6
23 31 99 100
23 32 -10 9
23 33 39 -5
23 34 87 53
23 35 29 32
23 36 99 84
23 37 25 51
23 38 0 66
23 39 39 36
23 40 8 45
23 41 1 46
23 42 0 36
23 43 -9 -3
23 44 -6 75
23 45 63 86
23 46 67 40
23 47 24 54
23 48 77 10
23 49 7 94
23 50 67 74
23 51 21 69
23 52 1 -7
23 53 80 41
23 54 -8 36
23 55 11 83
23 56 43 10
23 57 52 66
23 58 -6 22
23 59 39 41
23 60 -7 40
23 61 93 12
23 62 74 -6
23 63 54 21
23 64 5 63
23 65 57 77
23 66 11 89
23 67 100 52
23 68 48 70
23 69 -9 99
23 70 34 0
23 71 15 59
23 72 95 77
23 73 16 48
23 74 38 31
23 75 16 -3
23 76 69 8
23 77 -8 -1
23 78 43 43
23 79 24 25
23 80 -7 53
23 81 38 15
23 82 46 49
23 83 61 74
23 84 15 -10
23 85 74 -6
23 86 8 71
23 87 -8 19
23 88 30 39
23 89 63 41
23 90 13 50
23 91 -5 -6
23 92 21 22
23 93 51 30
23 94 47 99
23 95 49 52
23 96 21 -4
23 97 36 84
23 98 81 55
23 99 48 94
23 100 94 69
24 25 96 84
24 26 23 -4
24 27 66 94
24 28 99 52
24 29 15 2
24 30 44 11
24 31 66 53
24 32 92 92
24 33 33 -6
24 34 -3 42
24 35 77 25
24 36 -5 25
24 37 -6 30
24 38 2 20
24 39 88 1
24 40 66 95
24 41 39 -10
24 42 87 71
24 43 72 84
24 44 30 76
24 45 11 6
24 46 9 74
24 47 66 40
24 48 14 59
24 49 95 65
24 50 -10 30
24 51 75 12
24 52 33 -9
24 53 65 96
24 54 52 49
24 55 34 88
24 56 48 88
24 57 61 6
24 58 2 46
24 59 91 63
24 60 36 66
24 61 79 68
24 62 21 49
24 63 50 70
24 64 12 53
24 65 94 58
24 66 43 19
24 67 77 50
24 68 -8 59
24 69 37 57
24 70 -3 35
24 71 17 86
24 72 98 0
24 73 80 68
24 74 40 -1
24 75 -5 1
24 76 78 75
24 77 91 82
24 78 26 10
24 79 100 76
24 80 -4 2
24 81 45 53
24 82 68 15
24 83 13 61
24 84 87 18
24 85 2 73
24 86 73 7
24 87 20 50
24 88 75 12
24 89 23 -2
24 90 -4 24
24 91 0 21
24 92 86 72
24 93 61 -5
24 94 83 27
24 95 89 26
24 96 71 9
24 97 13 49
24 98 93 93
24 99 91 65
24 100 68 58
25 26 24 -4
25 27 49 -7
25 28 13 -3
25 29 62 75
25 30 31 78
25 31 2 4
25 32 99 53
25 33 -5 6
25 34 58 90
25 35 75 53
25 36 -10 67
25 37 8 6
25 38 5 100
25 39 -3 14
25 40 -9 -5
25 41 65 31
25 42 46 41
25 43 24 7
25 44 99 44
25 45 35 83
25 46 91 -10
25 47 77 30
25 48 97 41
25 49 6 53
25 50 9 -2
25 51 -6 29
25 52 94 72
25 53 60 60
25 54 78 1
25 55 69 17
25 56 11 87
25 57 49 42
25 58 15 69
25 59 85 43
25 60 54 22
25 61 -2 33
25 62 95 34
25 63 67 71
25 64 40 14
25 65 70 86
25 66 49 41
25 67 27 78
25 68 35 81
25 69 -9 -2
25 70 46 46
25 71 57 71
25 72 14 18
25 73 78 -3
25 74 -6 77
25 75 42 59
25 76 4 68
25 77 -6 14
25 78 7 97
25 79 59 41
25 80 17 57
25 81 9 83
25 82 69 28
25 83 33 -2
25 84 39 11
25 85 67 66
25 86 75 80
25 87 66 52
25 88 44 7
25 89 57 100
25 90 27 -5
25 91 81 47
25 92 93 51
25 93 83 96
25 94 85 11
25 95 75 94
25 96 -7 -8
25 97 68 87
25 98 18 68
25 99 67 0
25 100 32 1
26 27 79 61
26 28 35 17
26 29 17 63
26 30 66 90
26 31 18 30
26 32 40 29
26 33 12 37
26 34 39 83
26 35 35 50
26 36 83 40
26 37 9 4
26 38 47 43
26 39 79 63
26 40 57 84
26 41 56 -8
26 42 44 54
26 43 7 36
26 44 36 54
26 45 23 59
26 46 29 -5
26 47 69 95
26 48 18 65
26 49 82 5
26 50 5 52
26 51 39 45
26 52 55 37
26 53 60 38
26 54 91 2
26 55 -10 96
26 56 47 79
26 57 92 89
26 58 9 72
26 59 59 44
26 60 57 91
26 61 22 58
26 62 46 69
26 63 90 4
26 64 78 96
26 65 -1 95
26 66 0 13
26 67 45 67
26 68 59 56
26 69 72 97
26 70 22 12
26 71 10 36
26 72 24 61
26 73 18 91
26 74 74 51
26 75 45 80
26 76 -1 65
26 77 67 61
26 78 -2 90
26 79 50 24
26 80 40 34
26 81 76 60
26 82 43 51
26 83 23 46
26 84 -6 50
26 85 42 39
26 86 31 76
26 87 41 96
26 88 5 -7
26 89 38 16
26 90 10 65
26 91 38 82
26 92 52 53
26 93 37 69
26 94 36 56
26 95 -2 23
26 96 32 5
26 97 69 18
26 98 77 15
26 99 60 86
26 100 87 -1
27 28 35 82
27 29 47 60
27 30 30 57
27 31 49 97
27 32 46 64
27 33 75 -6
27 34 75 44
27 35 71 18
27 36 56 82
27 37 50 55
27 38 98 10
27 39 10 16
27 40 62 94
27 41 46 39
27 42 12 16
27 43 -3 38
27 44 16 53
27 45 27 89
27 46 32 33
27 47 17 34
27 48 16 25
27 49 20 13
27 50 15 71
27 51 -3 80
27 52 -7 -8
27 53 74 48
27 54 6 -8
27 55 65 95
27 56 100 47
27 57 77 30
27 58 49 76
27 59 28 73
27 60 94 24
27 61 4 49
27 62 41 24
27 63 70 12
27 64 30 -7
27 65 44 31
27 66 59 8
27 67 60 22
27 68 0 40
27 69 18 22
27 70 -9 66
27 71 34 45
27 72 41 13
27 73 20 29
27 74 50 85
27 75 69 96
27 76 57 26
27 77 4 76
27 78 43 13
27 79 15 -10
27 80 -2 18
27 81 88 25
27 82 63 92
27 83 67 -10
27 84 35 29
27 85 55 28
27 86 49 19
27 87 4 33
27 88 92 17
27 89 17 69
27 90 90 94
27 91 77 44
27 92 92 -2
27 93 0 53
27 94 76 69
27 95 12 39
27 96 -3 4
27 97 4 42
27 98 -5 38
27 99 86 14
27 100 25 69
28 29 77 47
28 30 19 43
28 31 21 77
28 32 76 59
28 33 2 -4
28 34 90 12
28 35 73 71
28 36 5 5
28 37 49 42
28 38 15 93
28 39 87 65
28 40 62 12
28 41 52 53
28 42 53 38
28 43 42 78
28 44 23 90
28 45 14 2
28 46 -6 6
28 47 -4 93
28 48 35 14
28 49 95 48
28 50 21 81
28 51 61 63
28 52 -8 46
28 53 27 -7
28 54 27 34
28 55 39 1
28 56 98 11
28 57 42 42
28 58 24 -6
28 59 86 6
28 60 38 56
28 61 32 3
28 62 46 47
28 63 -4 91
28 64 76 80
28 65 86 45
28 66 36 -10
28 67 11 37
28 68 42 58
28 69 10 67
28 70 -7 67
28 71 71 54
28 72 21 13
28 73 24 10
28 74 17 12
28 75 65 35
28 76 73 12
28 77 70 51
28 78 8 100
28 79 92 9
28 80 35 0
28 81 77 -5
28 82 37 82
28 83 23 8
28 84 60 97
28 85 90 21
28 86 96 26
28 87 73 76
28 88 67 74
28 89 34 43
28 90 36 24
28 91 7 46
28 92 59 67
28 93 62 68
28 94 57 85
28 95 9 47
28 96 7 37
28 97 33 17
28 98 72 52
28 99 88 51
28 100 46 71
29 30 28 64
29 31 41 37
29 32 29 35
29 33 66 55
29 34 2 -7
29 35 55 5
29 36 68 37
29 37 47 52
29 38 70 68
29 39 26 98
29 40 30 59
29 41 50 45
29 42 60 92
29 43 64 94
29 44 -8 68
29 45 100 -10
29 46 32 82
29 47 38 80
29 48 52 61
29 49 94 71
29 50 71 14
29 51 1 98
29 52 19 78
29 53 21 89
29 54 21 13
29 55 9 17
29 56 77 44
29 57 20 6
29 58 74 46
29 59 71 45
29 60 22 1
29 61 -10 52
29 62 98 71
29 63 6 71
29 64 82 96
29 65 57 70
29 66 11 51
29 67 82 33
29 68 97 15
29 69 97 93
29 70 4 78
29 71 23 89
29 72 0 -4
29 73 52 42
29 74 70 61
29 75 2 50
29 76 76 38
29 77 93 83
29 78 64 0
29 79 69 13
29 80 61 81
29 81 99 46
29 82 41 14
29 83 95 17
29 84 16 3
29 85 96 54
29 86 -3 34
29 87 99 69
29 88 61 81
29 89 33 45
29 90 22 18
29 91 0 59
29 92 66 70
29 93 14 72
29 94 99 -10
29 95 94 0
29 96 -5 57
29 97 71 62
29 98 42 34
29 99 95 15
29 100 25 27
30 31 19 67
30 32 34 24
30 33 94 77
30 34 0 23
30 35 68 39
30 36 35 37
30 37 93 5
30 38 21 83
30 39 71 70
30 40 23 45
30 41 -3 96
30 42 31 5
30 43 15 37
30 44 55 91
30 45 -1 66
30 46 17 46
30 47 64 3
30 48 60 27
30 49 20 2
30 50 100 41
30 51 -6 38
30 52 41 72
30 53 47 54
30 54 36 16
30 55 91 30
30 56 66 65
30 57 30 2
30 58 9 99
30 59 -7 47
30 60 -1 27
30 61 53 60
30 62 4 7
30 63 24 18
30 64 66 52
30 65 34 41
30 66 12 96
30 67 -4 42
30 68 69 99
30 69 80 11
30 70 47 19
30 71 92 63
30 72 -7 -6
30 73 62 75
30 74 68 21
30 75 62 52
30 76 -3 77
30 77 97 49
30 78 96 65
30 79 70 17
30 80 75 90
30 81 38 80
30 82 37 52
30 83 -4 13
30 84 70 38
30 85 79 28
30 86 85 10
30 87 18 80
30 88 40 65
30 89 19 33
30 90 80 64
30 91 1 98
30 92 24 76
30 93 -4 86
30 94 84 79
30 95 9 99
30 96 77 79
30 97 95 36
30 98 79 32
30 99 35 82
30 100 88 24
31 32 -5 24
31 33 96 28
31 34 7 99
31 35 73 40
31 36 98 -7
31 37 64 73
31 38 21 24
31 39 0 38
31 40 20 79
31 41 58 36
31 42 86 37
31 43 50 26
31 44 98 41
31 45 82 66
31 46 -7 23
31 47 53 8
31 48 65 96
31 49 79 59
31 50 1 66
31 51 1 -1
31 52 64 21
31 53 18 37
31 54 31 51
31 55 40 50
31 56 79 93
31 57 10 83
31 58 -5 22
31 59 30 2
31 60 32 78
31 61 85 -4
31 62 -9 19
31 63 48 11
31 64 82 95
31 65 59 47
31 66 96 28
31 67 6 87
31 68 42 49
31 69 39 72
31 70 88 32
31 71 78 76
31 72 -3 55
31 73 11 42
31 74 29 -9
31 75 65 26
31 76 82 40
31 77 63 21
31 78 8 37
31 79 63 86
31 80 46 -8
31 81 93 73
31 82 78 93
31 83 30 58
31 84 50 9
31 85 32 77
31 86 4 51
31 87 25 69
31 88 64 75
31 89 8 83
31 90 7 66
31 91 18 34
31 92 75 45
31 93 74 31
31 94 64 29
31 95 82 85
31 96 92 22
31 97 20 66
31 98 -10 52
31 99 59 53
31 100 34 78
32 33 98 60
32 34 30 75
32 35 29 44
32 36 83 -4
32 37 26 85
32 38 3 21
32 39 2 79
32 40 32 96
32 41 92 51
32 42 69 1
32 43 61 87
32 44 5 53
32 45 43 98
32 46 79 21
32 47 21 8
32 48 -10 36
32 49 64 -6
32 50 50 57
32 51 26 17
32 52 40 32
32 53 -8 -10
32 54 99 18
32 55 49 35
32 56 37 22
32 57 -7 9
32 58 56 50
32 59 55 36
32 60 -10 78
32 61 -5 89
32 62 82 9
32 63 80 52
32 64 98 31
32 65 -8 79
32 66 35 45
32 67 61 83
32 68 72 9
32 69 25 27
32 70 48 68
32 71 3 16
32 72 2 12
32 73 39 99
32 74 72 -2
32 75 65 45
32 76 95 55
32 77 62 64
32 78 59 19
32 79 8 98
32 80 4 58
32 81 31 42
32 82 53 49
32 83 74 86
32 84 23 57
32 85 36 18
32 86 24 62
32 87 39 68
32 88 70 86
32 89 41 94
32 90 49 82
32 91 21 38
32 92 -8 48
32 93 69 -8
32 94 55 70
32 95 74 22
32 96 61 27
32 97 -8 92
32 98 26 63
32 99 64 18
32 100 96 25
33 34 58 76
33 35 29 55
33 36 83 55
33 37 98 68
33 38 96 66
33 39 35 -6
33 40 34 61
33 41 53 30
33 42 10 -8
33 43 78 25
33 44 -3 -2
33 45 94 75
33 46 18 33
33 47 32 48
33 48 32 99
33 49 41 7
33 50 35 39
33 51 77 43
33 52 23 98
33 53 92 -4
33 54 3 45
33 55 -8 84
33 56 82 31
33 57 57 95
33 58 53 30
33 59 100 42
33 60 13 64
33 61 -5 94
33 62 20 85
33 63 44 71
33 64 76 54
33 65 27 83
33 66 43 53
33 67 12 99
33 68 69 20
33 69 -7 32
33 70 -3 5
33 71 30 17
33 72 36 86
33 73 58 77
33 74 43 94
33 75 15 32
33 76 71 97
33 77 46 51
33 78 5 37
33 79 -5 69
33 80 92 64
33 81 -5 9
33 82 71 94
33 83 44 19
33 84 19 66
33 85 -5 24
33 86 77 90
33 87 67 66
33 88 96 77
33 89 4 -5
33 90 46 43
33 91 32 40
33 92 -3 -2
33 93 26 45
33 94 0 16
33 95 1 13
33 96 14 33
33 97 17 18
33 98 39 8
33 99 -4 -6
33 100 2 96
34 35 63 -2
34 36 84 52
34 37 9 48
34 38 54 41
34 39 20 77
34 40 75 43
34 41 48 40
34 42 96 96
34 43 26 19
34 44 5 -7
34 45 0 11
34 46 4 34
34 47 85 61
34 48 64 91
34 49 16 69
34 50 37 -2
34 51 63 19
34 52 51 37
34 53 18 64
34 54 64 93
34 55 22 4
34 56 61 16
34 57 100 1
34 58 88 49
34 59 24 29
34 60 98 73
34 61 -2 81
34 62 54 55
34 63 41 58
34 64 22 94
34 65 48 71
34 66 77 58
34 67 65 74
34 68 25 100
34 69 57 97
34 70 93 -5
34 71 -10 74
34 72 92 53
34 73 33 79
34 74 40 100
34 75 51 -2
34 76 100 -9
34 77 44 64
34 78 32 5
34 79 51 36
34 80 89 41
34 81 87 31
34 82 26 10
34 83 77 11
34 84 100 95
34 85 97 73
34 86 13 43
34 87 7 55
34 88 30 21
34 89 99 34
34 90 16 18
34 91 38 53
34 92 83 9
34 93 90 29
34 94 54 62
34 95 59 23
34 96 37 94
34 97 -8 4
34 98 64 -10
34 99 40 32
34 100 81 83
35 36 30 13
35 37 90 82
35 38 26 25
35 39 77 31
35 40 -9 37
35 41 25 7
35 42 62 85
35 43 73 51
35 44 23 19
35 45 11 57
35 46 13 97
35 47 9 84
35 48 64 98
35 49 21 89
35 50 7 11
35 51 82 68
35 52 72 76
35 53 -6 52
35 54 35 49
35 55 27 12
35 56 78 39
35 57 57 13
35 58 99 15
35 59 83 98
35 60 91 4
35 61 37 61
35 62 28 18
35 63 -5 -7
35 64 3 32
35 65 40 66
35 66 76 -2
35 67 66 5
35 68 12 1
35 69 5 86
35 70 84 16
35 71 12 13
35 72 53 77
35 73 90 37
35 74 37 90
35 75 57 45
35 76 42 60
35 77 57 27
35 78 57 46
35 79 100 31
35 80 1 90
35 81 -6 77
35 82 65 74
35 83 96 9
35 84 16 90
35 85 88 45
35 86 79 67
35 87 40 2
35 88 89 58
35 89 -8 82
35 90 87 83
35 91 93 88
35 92 17 75
35 93 33 24
35 94 17 48
35 95 42 59
35 96 39 62
35 97 44 -9
35 98 1 11
35 99 40 -6
35 100 93 0
36 37 -2 48
36 38 61 99
36 39 11 11
36 40 86 75
36 41 62 -4
36 42 32 91
36 43 90 94
36 44 77 12
36 45 -4 61
36 46 77 52
36 47 51 90
36 48 14 2
36 49 41 29
36 50 92 19
36 51 22 92
36 52 40 47
36 53 -8 94
36 54 49 45
36 55 72 63
36 56 38 -10
36 57 53 51
36 58 6 35
36 59 53 21
36 60 70 38
36 61 59 92
36 62 95 23
36 63 12 47
36 64 4 77
36 65 35 -6
36 66 39 93
36 67 47 -2
36 68 68 16
36 69 24 9
36 70 -6 96
36 71 8 18
36 72 49 -9
36 73 6 19
36 74 30 -5
36 75 60 27
36 76 -1 61
36 77 -2 83
36 78 32 30
36 79 35 3
36 80 65 84
36 81 13 28
36 82 8 94
36 83 6 -6
36 84 68 81
36 85 95 83
36 86 31 11
36 87 6 64
36 88 -5 89
36 89 73 13
36 90 28 39
36 91 77 -10
36 92 15 32
36 93 63 52
36 94 23 -9
36 95 -5 91
36 96 -3 30
36 97 17 54
36 98 33 58
36 99 77 58
36 100 22 43
37 38 58 -3
37 39 74 49
37 40 81 6
37 41 36 -9
37 42 -7 67
37 43 35 74
37 44 -9 -3
37 45 73 97
37 46 81 80
37 47 61 31
37 48 29 11
37 49 0 -6
37 50 75 51
37 51 67 5
37 52 31 26
37 53 41 17
37 54 64 -10
37 55 76 -10
37 56 40 70
37 57 83 98
37 58 29 52
37 59 84 90
37 60 63 40
37 61 82 4
37 62 93 60
37 63 32 45
37 64 42 -10
37 65 39 42
37 66 48 99
37 67 -6 23
37 68 87 42
37 69 50 44
37 70 11 27
37 71 -3 13
37 72 68 74
37 73 2 31
37 74 47 -6
37 75 21 95
37 76 30 44
37 77 1 79
37 78 -7 12
37 79 51 -1
37 80 27 30
37 81 16 39
37 82 65 85
37 83 96 95
37 84 14 53
37 85 81 44
37 86 21 68
37 87 26 -4
37 88 85 48
37 89 67 81
37 90 93 87
37 91 -4 54
37 92 73 99
37 93 63 22
37 94 19 33
37 95 52 74
37 96 -7 53
37 97 66 24
37 98 52 49
37 99 98 7
37 100 5 49
38 39 25 31
38 40 98 2
38 41 12 28
38 42 95 56
38 43 62 34
38 44 73 93
38 45 38 2
38 46 29 28
38 47 67 43
38 48 51 96
38 49 -3 6
38 50 2 32
38 51 -5 85
38 52 60 -5
38 53 98 100
38 54 43 37
38 55 62 22
38 56 76 79
38 57 82 77
38 58 14 13
38 59 39 -6
38 60 73 90
38 61 5 4
38 62 12 69
38 63 64 -4
38 64 34 -9
38 65 25 -8
38 66 11 80
38 67 68 81
38 68 96 63
38 69 7 66
38 70 98 77
38 71 78 36
38 72 60 5
38 73 70 49
38 74 95 11
38 75 87 22
38 76 58 15
38 77 11 37
38 78 58 -1
38 79 77 19
38 80 13 32
38 81 14 8
38 82 71 98
38 83 17 97
38 84 24 44
38 85 97 19
38 86 88 39
38 87 60 6
38 88 17 68
38 89 45 39
38 90 51 7
38 91 28 86
38 92 -3 -9
38 93 77 23
38 94 75 23
38 95 73 45
38 96 65 60
38 97 15 22
38 98 71 99
38 99 -5 6
38 100 0 26
39 40 -4 97
39 41 56 40
39 42 93 23
39 43 23 76
39 44 5 100
39 45 38 -3
39 46 49 100
39 47 28 79
39 48 74 35
39 49 99 2
39 50 41 10
39 51 47 -9
39 52 73 55
39 53 83 82
39 54 55 70
39 55 95 87
39 56 23 26
39 57 92 40
39 58 -3 30
39 59 4 76
39 60 63 92
39 61 50 44
39 62 7 55
39 63 98 59
39 64 65 34
39 65 88 90
39 66 79 59
39 67 -2 20
39 68 52 39
39 69 21 -1
39 70 86 38
39 71 8 87
39 72 66 24
39 73 96 83
39 74 97 96
39 75 31 50
39 76 24 27
39 77 10 43
39 78 17 38
39 79 45 59
39 80 31 81
39 81 0 57
39 82 18 79
39 83 83 28
39 84 80 68
39 85 97 93
39 86 35 76
39 87 68 82
39 88 2 4
39 89 -4 -9
39 90 29 90
39 91 87 36
39 92 74 62
39 93 92 39
39 94 15 0
39 95 -2 98
39 96 66 81
39 97 2 8
39 98 46 56
39 99 17 57
39 100 50 37
40 41 -9 30
40 42 77 -6
40 43 97 64
40 44 6 4
40 45 41 73
40 46 72 12
40 47 66 72
40 48 31 67
40 49 -2 15
40 50 76 32
40 51 3 40
40 52 42 63
40 53 36 42
40 54 99 72
40 55 56 85
40 56 1 -2
40 57 -6 67
40 58 85 93
40 59 36 25
40 60 90 7
40 61 80 57
40 62 29 85
40 63 25 40
40 64 61 79
40 65 52 -7
40 66 72 16
40 67 42 68
40 68 34 73
40 69 77 88
40 70 4 25
40 71 100 52
40 72 72 62
40 73 48 2
40 74 93 46
40 75 44 5
40 76 44 -1
40 77 1 78
40 78 82 2
40 79 -3 25
40 80 37 86
40 81 47 -6
40 82 61 82
40 83 12 30
40 84 40 87
40 85 27 91
40 86 37 39
40 87 49 1
40 88 52 29
40 89 94 18
40 90 62 -4
40 91 -4 9
40 92 90 2
40 93 -10 80
40 94 27 37
40 95 83 19
40 96 3 80
40 97 89 34
40 98 98 95
40 99 81 19
40 100 16 3
41 42 5 41
41 43 -8 7
41 44 64 96
41 45 -7 -6
41 46 68 44
41 47 -10 96
41 48 0 62
41 49 68 48
41 50 31 47
41 51 59 22
41 52 86 69
41 53 75 38
41 54 27 92
41 55 7 70
41 56 88 -6
41 57 26 42
41 58 47 -8
41 59 58 81
41 60 52 94
41 61 43 75
41 62 49 21
41 63 54 100
41 64 94 -4
41 65 33 89
41 66 36 99
41 67 30 23
41 68 61 100
41 69 52 49
41 70 -2 94
41 71 89 57
41 72 18 -4
41 73 44 24
41 74 17 52
41 75 0 85
41 76 50 -3
41 77 95 -5
41 78 8 -10
41 79 97 97
41 80 19 57
41 81 30 35
41 82 25 16
41 83 53 0
41 84 69 62
41 85 59 41
41 86 34 72
41 87 20 -8
41 88 78 93
41 89 -3 -9
41 90 71 24
41 91 82 26
41 92 11 45
41 93 63 38
41 94 39 92
41 95 52 39
41 96 65 28
41 97 52 42
41 98 60 60
41 99 37 70
41 100 34 10
42 43 7 77
42 44 10 34
42 45 51 90
42 46 91 -2
42 47 98 -9
42 48 82 77
42 49 85 95
42 50 75 93
42 51 73 95
42 52 59 47
42 53 10 17
42 54 -3 21
42 55 0 18
42 56 66 85
42 57 4 78
42 58 9 4
42 59 -1 -9
42 60 68 72
42 61 41 46
42 62 -6 82
42 63 38 89
42 64 35 20
42 65 97 15
42 66 43 50
42 67 92 76
42 68 68 27
42 69 17 88
42 70 -9 -2
42 71 -8 24
42 72 70 100
42 73 94 28
42 74 62 21
42 75 36 39
42 76 93 33
42 77 -3 95
42 78 84 47
42 79 4 30
42 80 22 51
42 81 30 40
42 82 88 77
42 83 100 80
42 84 24 53
42 85 -5 90
42 86 -8 56
42 87 27 43
42 88 5 87
42 89 -5 82
42 90 -6 21
42 91 15 36
42 92 71 35
42 93 -9 3
42 94 2 5
42 95 1 -10
42 96 56 -8
42 97 32 94
42 98 51 50
42 99 42 88
42 100 73 92
43 44 -8 46
43 45 87 86
43 46 8 22
43 47 46 19
43 48 32 68
43 49 87 25
43 50 74 79
43 51 60 31
43 52 67 82
43 53 72 1
43 54 65 -6
43 55 96 62
43 56 63 91
43 57 16 95
43 58 15 30
43 59 14 84
43 60 -7 82
43 61 35 47
43 62 66 64
43 63 88 56
43 64 54 42
43 65 44 64
43 66 0 58
43 67 18 7
43 68 39 29
43 69 -9 89
43 70 93 69
43 71 78 91
43 72 73 -4
43 73 5 26
43 74 73 93
43 75 7 33
43 76 70 97
43 77 32 73
43 78 26 -6
43 79 64 96
43 80 48 51
43 81 43 78
43 82 89 35
43 83 71 5
43 84 23 -1
43 85 33 1
43 86 46 16
43 87 23 68
43 88 18 39
43 89 96 57
43 90 78 51
43 91 27 -6
43 92 62 99
43 93 51 -5
43 94 71 0
43 95 30 61
43 96 8 31
43 97 56 2
43 98 32 -4
43 99 19 7
43 100 53 71
44 45 22 54
44 46 16 13
44 47 63 14
44 48 -8 54
44 49 21 75
44 50 0 15
44 51 26 53
44 52 6 63
44 53 82 20
44 54 -8 97
44 55 25 -6
44 56 0 96
44 57 40 79
44 58 59 90
44 59 4 50
44 60 41 62
44 61 12 35
44 62 61 -7
44 63 14 68
44 64 34 73
44 65 38 1
44 66 30 39
44 67 67 18
44 68 13 -2
44 69 91 -5
44 70 71 -7
44 71 11 45
44 72 4 60
44 73 49 60
44 74 100 13
44 75 83 50
44 76 70 45
44 77 9 16
44 78 45 4
44 79 15 -8
44 80 57 -4
44 81 59 40
44 82 56 63
44 83 60 -6
44 84 19 31
44 85 18 9
44 86 76 19
44 87 88 81
44 88 1 21
44 89 75 99
44 90 94 68
44 91 52 50
44 92 70 -6
44 93 27 -10
44 94 23 17
44 95 31 91
44 96 28 -3
44 97 56 20
44 98 38 17
44 99 87 27
44 100 -9 25
45 46 25 36
45 47 86 81
45 48 40 10
45 49 64 19
45 50 80 65
45 51 40 64
45 52 34 52
45 53 -10 96
45 54 78 15
45 55 53 53
45 56 78 7
45 57 0 87
45 58 32 38
45 59 73 38
45 60 89 57
45 61 85 86
45 62 10 62
45 63 76 5
45 64 34 72
45 65 56 93
45 66 98 91
45 67 37 86
45 68 17 58
45 69 54 9
45 70 63 41
45 71 -5 53
45 72 86 98
45 73 6 69
45 74 57 90
45 75 65 77
45 76 82 3
45 77 17 74
45 78 49 77
45 79 -10 52
45 80 75 99
45 81 15 75
45 82 12 27
45 83 65 6
45 84 22 70
45 85 4 31
45 86 38 76
45 87 35 86
45 88 -7 53
45 89 -3 10
45 90 81 43
45 91 22 59
45 92 36 33
45 93 87 84
45 94 7 -6
45 95 -4 26
45 96 94 12
45 97 27 -3
45 98 44 47
45 99 -9 98
45 100 37 25
46 47 43 27
46 48 45 -2
46 49 95 89
46 50 48 10
46 51 90 67
46 52 3 5
46 53 85 13
46 54 -9 13
46 55 37 75
46 56 75 84
46 57 -6 40
46 58 72 27
46 59 48 9
46 60 7 5
46 61 -5 11
46 62 29 72
46 63 6 44
46 64 35 80
46 65 94 96
46 66 7 40
46 67 30 96
46 68 -7 69
46 69 11 24
46 70 54 9
46 71 82 14
46 72 19 45
46 73 40 -6
46 74 93 32
46 75 63 7
46 76 11 58
46 77 70 -4
46 78 8 27
46 79 3 63
46 80 34 15
46 81 -9 100
46 82 24 17
46 83 67 -10
46 84 32 18
46 85 73 22
46 86 97 24
46 87 -8 82
46 88 69 69
46 89 100 31
46 90 -8 58
46 91 29 37
46 92 31 33
46 93 79 62
46 94 3 32
46 95 42 51
46 96 50 57
46 97 60 40
46 98 84 20
46 99 -10 83
46 100 21 74
47 48 29 -9
47 49 45 85
47 50 -3 22
47 51 8 40
47 52 47 22
47 53 74 85
47 54 0 56
47 55 9 79
47 56 3 -6
47 57 10 37
47 58 84 42
47 59 57 76
47 60 36 23
47 61 16 50
47 62 58 31
47 63 24 50
47 64 60 17
47 65 57 81
47 66 97 18
47 67 30 30
47 68 36 2
47 69 50 33
47 70 55 10
47 71 34 53
47 72 35 22
47 73 79 11
47 74 30 93
47 75 35 -6
47 76 35 44
47 77 90 40
47 78 87 -10
47 79 60 22
47 80 64 91
47 81 7 -8
47 82 83 58
47 83 71 89
47 84 22 -10
47 85 73 -6
47 86 78 32
47 87 37 32
47 88 96 36
47 89 68 44
47 90 2 29
47 91 3 5
47 92 14 20
47 93 41 66
47 94 16 47
47 95 99 98
47 96 46 52
47 97 94 9
47 98 57 54
47 99 27 34
47 100 95 54
48 49 31 36
48 50 55 91
48 51 17 51
48 52 43 57
48 53 62 52
48 54 47 25
48 55 93 87
48 56 5 65
48 57 -3 5
48 58 46 -7
48 59 74 -4
48 60 75 21
48 61 48 94
48 62 76 36
48 63 48 67
48 64 68 92
48 65 57 30
48 66 8 34
48 67 51 37
48 68 95 86
48 69 21 3
48 70 1 62
48 71 81 42
48 72 20 33
48 73 18 86
48 74 85 69
48 75 23 22
48 76 -8 37
48 77 80 58
48 78 -5 31
48 79 93 5
48 80 90 26
48 81 43 94
48 82 9 61
48 83 36 13
48 84 17 -9
48 85 69 35
48 86 14 -2
48 87 88 14
48 88 67 17
48 89 51 89
48 90 18 46
48 91 35 8
48 92 69 91
48 93 25 15
48 94 13 97
48 95 93 87
48 96 42 -9
48 97 51 89
48 98 32 54
48 99 91 90
48 100 56 91
49 50 43 25
49 51 -5 4
49 52 72 32
49 53 -9 46
49 54 4 24
49 55 79 28
49 56 5 42
49 57 91 16
49 58 -8 19
49 59 97 95
49 60 41 55
49 61 45 10
49 62 62 41
49 63 31 19
49 64 66 39
49 65 73 50
49 66 74 87
49 67 63 96
49 68 67 57
49 69 6 62
49 70 50 83
49 71 46 18
49 72 34 84
49 73 17 -9
49 74 98 -4
49 75 21 93
49 76 46 -6
49 77 32 -2
49 78 5 93
49 79 91 98
49 80 73 3
49 81 49 31
49 82 -9 97
49 83 59 31
49 84 91 32
49 85 63 1
49 86 86 50
49 87 72 55
49 88 71 1
49 89 63 35
49 90 6 26
49 91 22 91
49 92 0 4
49 93 38 12
49 94 100 54
49 95 21 12
49 96 77 40
49 97 79 84
49 98 58 46
49 99 -3 9
49 100 93 47
50 51 90 32
50 52 75 -3
50 53 72 98
50 54 34 18
50 55 23 42
50 56 14 46
50 57 10 45
50 58 61 75
50 59 87 60
50 60 42 51
50 61 68 40
50 62 51 8
50 63 83 19
50 64 72 -2
50 65 31 92
50 66 81 63
50 67 75 36
50 68 -9 1
50 69 28 19
50 70 93 86
50 71 18 30
50 72 24 56
50 73 35 67
50 74 54 -2
50 75 30 71
50 76 3 93
50 77 31 96
50 78 96 10
50 79 24 67
50 80 12 17
50 81 80 16
50 82 73 60
50 83 91 48
50 84 83 53
50 85 97 74
50 86 5 38
50 87 33 88
50 88 -7 11
50 89 58 1
50 90 69 3
50 91 40 6
50 92 3 90
50 93 82 49
50 94 97 -10
50 95 69 68
50 96 46 -4
50 97 7 77
50 98 36 62
50 99 52 44
50 100 61 78
51 52 57 9
51 53 29 70
51 54 37 54
51 55 10 40
51 56 4 49
51 57 3 74
51 58 90 -5
51 59 89 91
51 60 6 94
51 61 -9 92
51 62 64 14
51 63 22 5
51 64 67 56
51 65 90 9
51 66 14 5
51 67 73 62
51 68 24 -3
51 69 46 45
51 70 10 17
51 71 25 2
51 72 -10 97
51 73 95 59
51 74 81 24
51 75 96 80
51 76 10 17
51 77 66 15
51 78 66 -6
51 79 6 40
51 80 30 39
51 81 12 97
51 82 14 57
51 83 46 32
51 84 98 56
51 85 -3 47
51 86 38 26
51 87 71 11
51 88 65 62
51 89 47 92
51 90 11 10
51 91 81 14
51 92 62 26
51 93 -1 68
51 94 69 46
51 95 66 16
51 96 34 14
51 97 -1 59
51 98 89 9
51 99 71 3
51 100 62 80
52 53 17 75
52 54 14 20
52 55 19 56
52 56 45 100
52 57 1 95
52 58 11 67
52 59 20 21
52 60 81 56
52 61 42 66
52 62 84 -7
52 63 65 72
52 64 41 94
52 65 21 4
52 66 87 40
52 67 84 57
52 68 60 27
52 69 19 57
52 70 46 63
52 71 -2 3
52 72 81 37
52 73 98 -5
52 74 81 84
52 75 8 19
52 76 37 49
52 77 97 71
52 78 28 53
52 79 75 43
52 80 24 4
52 81 -1 29
52 82 36 93
52 83 95 95
52 84 3 1
52 85 46 51
52 86 45 78
52 87 11 37
52 88 35 84
52 89 22 12
52 90 65 16
52 91 37 97
52 92 48 90
52 93 14 67
52 94 25 81
52 95 -4 45
52 96 1 62
52 97 10 49
52 98 32 62
52 99 50 56
52 100 36 92
53 54 59 28
53 55 99 28
53 56 68 65
53 57 27 -10
53 58 -1 64
53 59 10 -9
53 60 -3 2
53 61 66 30
53 62 89 53
53 63 -7 33
53 64 10 100
53 65 19 52
53 66 2 56
53 67 8 92
53 68 56 81
53 69 48 64
53 70 36 73
53 71 15 97
53 72 -5 94
53 73 31 88
53 74 0 32
53 75 57 -8
53 76 91 49
53 77 3 91
53 78 50 -1
53 79 98 17
53 80 57 -6
53 81 18 65
53 82 88 60
53 83 -6 32
53 84 71 0
53 85 97 87
53 86 33 81
53 87 92 44
53 88 51 -7
53 89 31 43
53 90 2 92
53 91 81 94
53 92 33 45
53 93 89 62
53 94 -4 32
53 95 22 8
53 96 85 43
53 97 70 69
53 98 56 77
53 99 83 73
53 100 46 90
54 55 43 -7
54 56 68 4
54 57 60 1
54 58 33 39
54 59 94 44
54 60 82 72
54 61 99 55
54 62 55 13
54 63 13 64
54 64 9 88
54 65 70 24
54 66 54 84
54 67 20 50
54 68 -9 47
54 69 77 64
54 70 11 43
54 71 52 59
54 72 84 4
54 73 8 24
54 74 68 44
54 75 58 89
54 76 93 71
54 77 2 24
54 78 75 8
54 79 93 34
54 80 49 11
54 81 45 20
54 82 62 71
54 83 57 96
54 84 71 33
54 85 5 74
54 86 73 85
54 87 -10 23
54 88 100 54
54 89 91 90
54 90 9 -4
54 91 91 76
54 92 27 42
54 93 39 3
54 94 0 65
54 95 3 -9
54 96 25 99
54 97 30 97
54 98 80 -9
54 99 75 51
54 100 45 54
55 56 -1 4
55 57 97 31
55 58 53 35
55 59 1 88
55 60 -9 69
55 61 98 80
55 62 93 59
55 63 4 99
55 64 25 86
55 65 65 2
55 66 -1 58
55 67 52 25
55 68 55 24
55 69 74 16
55 70 47 46
55 71 38 6
55 72 17 81
55 73 48 5
55 74 -6 61
55 75 10 84
55 76 3 40
55 77 93 59
55 78 -2 87
55 79 82 79
55 80 84 70
55 81 67 11
55 82 45 38
55 83 63 20
55 84 98 84
55 85 91 0
55 86 52 70
55 87 5 82
55 88 21 80
55 89 51 62
55 90 -8 25
55 91 80 27
55 92 35 36
55 93 11 35
55 94 9 5
55 95 55 3
55 96 23 57
55 97 89 21
55 98 52 36
55 99 5 66
55 100 29 76
56 57 6 47
56 58 49 71
56 59 46 97
56 60 31 95
56 61 22 14
56 62 85 5
56 63 -1 76
56 64 52 94
56 65 4 16
56 66 34 51
56 67 8 17
56 68 65 46
56 69 79 75
56 70 77 12
56 71 49 31
56 72 41 61
56 73 97 51
56 74 10 38
56 75 74 50
56 76 3 63
56 77 53 0
56 78 32 -5
56 79 94 -10
56 80 7 73
56 81 21 22
56 82 70 52
56 83 10 91
56 84 29 16
56 85 88 27
56 86 26 -6
56 87 49 75
56 88 -1 85
56 89 92 27
56 90 95 35
56 91 47 80
56 92 68 38
56 93 44 21
56 94 96 27
56 95 67 88
56 96 -7 -3
56 97 92 85
56 98 93 73
56 99 82 81
56 100 98 10
57 58 68 -9
57 59 27 3
57 60 -6 17
57 61 3 -5
57 62 86 55
57 63 40 51
57 64 -7 53
57 65 59 52
57 66 31 12
57 67 -7 20
57 68 100 82
57 69 -8 75
57 70 72 85
57 71 31 57
57 72 100 84
57 73 53 -2
57 74 20 -9
57 75 52 29
57 76 85 4
57 77 12 49
57 78 93 85
57 79 39 24
57 80 41 18
57 81 12 9
57 82 97 93
57 83 26 -8
57 84 68 14
57 85 30 28
57 86 49 69
57 87 77 8
57 88 56 42
57 89 92 59
57 90 61 92
57 91 19 74
57 92 -1 49
57 93 35 -8
57 94 -2 3
57 95 81 36
57 96 94 28
57 97 57 21
57 98 18 100
57 99 79 70
57 100 -5 46
58 59 24 59
58 60 24 83
58 61 24 77
58 62 62 3
58 63 24 10
58 64 -10 29
58 65 96 62
58 66 49 17
58 67 79 35
58 68 2 15
58 69 62 21
58 70 99 91
58 71 6 23
58 72 10 83
58 73 49 34
58 74 9 53
58 75 68 -8
58 76 78 -5
58 77 43 5
58 78 61 76
58 79 92 82
58 80 94 93
58 81 88 84
58 82 79 36
58 83 20 8
58 84 11 97
58 85 17 99
58 86 23 47
58 87 53 6
58 88 100 37
58 89 32 44
58 90 12 79
58 91 36 25
58 92 54 49
58 93 31 42
58 94 87 25
58 95 99 7
58 96 60 18
58 97 8 86
58 98 -3 35
58 99 99 3
58 100 80 83
59 60 89 48
59 61 82 -9
59 62 43 62
59 63 97 14
59 64 57 87
59 65 -5 69
59 66 53 56
59 67 2 66
59 68 9 -2
59 69 -8 80
59 70 85 53
59 71 95 45
59 72 96 49
59 73 37 58
59 74 38 2
59 75 98 69
59 76 36 -3
59 77 64 14
59 78 47 68
59 79 26 18
59 80 -1 -5
59 81 17 -3
59 82 20 23
59 83 45 65
59 84 53 99
59 85 -9 13
59 86 27 39
59 87 -6 86
59 88 97 86
59 89 17 63
59 90 90 24
59 91 73 46
59 92 -1 40
59 93 96 43
59 94 34 30
59 95 52 32
59 96 18 16
59 97 99 5
59 98 -4 55
59 99 63 20
59 100 54 50
60 61 -5 73
60 62 94 -4
60 63 96 14
60 64 64 7
60 65 37 78
60 66 88 94
60 67 1 18
60 68 13 44
60 69 25 61
60 70 54 86
60 71 11 46
60 72 100 13
60 73 12 77
60 74 97 19
60 75 29 24
60 76 9 81
60 77 52 100
60 78 65 -10
60 79 43 13
60 80 -2 58
60 81 -4 31
60 82 96 36
60 83 46 32
60 84 11 -7
60 85 11 10
60 86 -2 7
60 87 99 52
60 88 37 10
60 89 5 33
60 90 92 -8
60 91 79 -7
60 92 71 36
60 93 -1 -10
60 94 58 32
60 95 42 26
60 96 99 30
60 97 94 39
60 98 47 79
60 99 42 39
60 100 0 68
61 62 54 94
61 63 91 23
61 64 3 72
61 65 -4 87
61 66 71 94
61 67 56 70
61 68 55 21
61 69 95 88
61 70 12 67
61 71 76 93
61 72 63 19
61 73 34 51
61 74 66 86
61 75 27 85
61 76 55 52
61 77 90 45
61 78 47 97
61 79 7 -5
61 80 89 68
61 81 79 3
61 82 29 65
61 83 64 81
61 84 76 -1
61 85 70 84
61 86 48 73
61 87 38 58
61 88 4 22
61 89 72 90
61 90 -9 43
61 91 58 4
61 92 16 -6
61 93 54 31
61 94 -4 65
61 95 97 7
61 96 81 29
61 97 51 18
61 98 66 76
61 99 39 62
61 100 41 65
62 63 34 73
62 64 74 39
62 65 10 48
62 66 68 11
62 67 66 69
62 68 88 30
62 69 69 59
62 70 84 79
62 71 25 -6
62 72 -5 48
62 73 25 57
62 74 78 52
62 75 35 74
62 76 21 88
62 77 42 91
62 78 4 40
62 79 17 81
62 80 30 20
62 81 51 87
62 82 67 54
62 83 55 26
62 84 60 26
62 85 28 -10
62 86 -8 17
62 87 -7 76
62 88 58 38
62 89 26 92
62 90 93 66
62 91 70 34
62 92 88 -10
62 93 48 -6
62 94 44 4
62 95 5 59
62 96 46 73
62 97 59 83
62 98 6 55
62 99 19 19
62 100 68 72
63 64 41 39
63 65 13 84
63 66 0 22
63 67 5 0
63 68 10 77
63 69 76 52
63 70 62 55
63 71 60 18
63 72 21 47
63 73 12 53
63 74 37 58
63 75 -4 1
63 76 92 -6
63 77 50 95
63 78 43 61
63 79 -9 -1
63 80 59 77
63 81 20 42
63 82 35 54
63 83 85 45
63 84 62 60
63 85 22 52
63 86 57 31
63 87 98 95
63 88 20 16
63 89 63 79
63 90 99 -8
63 91 91 10
63 92 21 1
63 93 41 94
63 94 64 -9
63 95 99 49
63 96 70 29
63 97 45 -8
63 98 66 70
63 99 19 41
63 100 89 58
64 65 11 52
64 66 98 51
64 67 64 30
64 68 45 56
64 69 92 86
64 70 19 32
64 71 -5 74
64 72 23 85
64 73 81 100
64 74 79 35
64 75 -2 4
64 76 -3 10
64 77 70 -4
64 78 93 20
64 79 74 74
64 80 15 47
64 81 30 53
64 82 53 26
64 83 77 2
64 84 69 48
64 85 91 5
64 86 10 10
64 87 40 95
64 88 66 54
64 89 59 66
64 90 19 16
64 91 47 8
64 92 53 67
64 93 75 79
64 94 93 36
64 95 40 27
64 96 40 96
64 97 15 91
64 98 99 29
64 99 5 79
64 100 67 -9
65 66 55 14
65 67 80 71
65 68 86 -9
65 69 -5 49
65 70 62 37
65 71 15 11
65 72 91 86
65 73 32 29
65 74 10 26
65 75 44 36
65 76 58 80
65 77 16 -2
65 78 23 100
65 79 41 38
65 80 17 18
65 81 77 43
65 82 11 81
65 83 33 42
65 84 50 56
65 85 61 36
65 86 60 18
65 87 36 25
65 88 84 72
65 89 30 99
65 90 -4 72
65 91 98 34
65 92 15 85
65 93 16 95
65 94 54 12
65 95 74 33
65 96 -2 86
65 97 85 78
65 98 12 89
65 99 61 1
65 100 92 40
66 67 6 28
66 68 98 39
66 69 31 -10
66 70 47 90
66 71 28 32
66 72 46 -10
66 73 11 82
66 74 52 99
66 75 86 29
66 76 80 98
66 77 41 -1
66 78 72 78
66 79 5 17
66 80 11 12
66 81 15 -2
66 82 76 2
66 83 31 -3
66 84 24 -1
66 85 57 48
66 86 59 55
66 87 94 2
66 88 15 46
66 89 0 -4
66 90 70 38
66 91 18 63
66 92 83 -6
66 93 88 13
66 94 30 42
66 95 18 30
66 96 86 74
66 97 83 73
66 98 74 1
66 99 65 55
66 100 62 97
67 68 75 -9
67 69 71 66
67 70 96 -7
67 71 83 41
67 72 71 89
67 73 53 0
67 74 -1 2
67 75 49 53
67 76 57 61
67 77 82 18
67 78 69 -6
67 79 26 28
67 80 -7 58
67 81 85 8
67 82 38 -7
67 83 18 50
67 84 43 85
67 85 59 46
67 86 36 51
67 87 40 75
67 88 51 31
67 89 97 9
67 90 -3 12
67 91 4 31
67 92 49 88
67 93 87 66
67 94 28 63
67 95 94 70
67 96 77 5
67 97 10 50
67 98 22 35
67 99 82 -3
67 100 27 3
68 69 28 7
68 70 65 57
68 71 15 -7
68 72 -10 67
68 73 46 94
68 74 68 24
68 75 74 82
68 76 53 52
68 77 8 76
68 78 53 76
68 79 38 91
68 80 62 92
68 81 41 31
68 82 22 39
68 83 3 6
68 84 35 35
68 85 27 -6
68 86 26 91
68 87 14 10
68 88 94 76
68 89 27 40
68 90 99 52
68 91 -9 32
68 92 48 64
68 93 67 43
68 94 24 25
68 95 90 44
68 96 75 63
68 97 79 19
68 98 91 91
68 99 7 78
68 100 -4 43
69 70 95 1
69 71 26 66
69 72 54 100
69 73 56 92
69 74 6 66
69 75 48 84
69 76 71 70
69 77 30 8
69 78 29 24
69 79 71 74
69 80 16 93
69 81 12 49
69 82 29 -3
69 83 -4 95
69 84 40 68
69 85 -10 48
69 86 57 22
69 87 24 0
69 88 67 54
69 89 20 -6
69 90 4 76
69 91 -3 87
69 92 3 13
69 93 21 25
69 94 78 58
69 95 84 42
69 96 34 -9
69 97 9 3
69 98 50 32
69 99 43 94
69 100 67 17
70 71 60 48
70 72 26 70
70 73 43 66
70 74 1 40
70 75 -4 20
70 76 -9 49
70 77 72 70
70 78 65 39
70 79 50 25
70 80 95 47
70 81 36 23
70 82 81 46
70 83 30 -2
70 84 47 -10
70 85 53 19
70 86 79 57
70 87 89 40
70 88 89 10
70 89 51 37
70 90 44 -3
70 91 57 27
70 92 85 17
70 93 26 32
70 94 -7 -4
70 95 23 20
70 96 2 96
70 97 -5 -8
70 98 23 -6
70 99 94 73
70 100 98 48
71 72 33 96
71 73 44 38
71 74 50 -8
71 75 6 94
71 76 -4 -8
71 77 13 71
71 78 83 25
71 79 64 37
71 80 -7 57
71 81 48 73
71 82 28 53
71 83 3 24
71 84 42 23
71 85 18 90
71 86 88 75
71 87 10 70
71 88 100 67
71 89 50 -5
71 90 57 25
71 91 -2 86
71 92 -4 13
71 93 65 67
71 94 85 54
71 95 23 43
71 96 96 44
71 97 93 9
71 98 15 59
71 99 25 21
71 100 74 9
72 73 19 30
72 74 24 2
72 75 91 26
72 76 49 9
72 77 21 96
72 78 -5 73
72 79 94 87
72 80 71 -9
72 81 51 40
72 82 70 60
72 83 68 21
72 84 59 53
72 85 49 -1
72 86 57 47
72 87 83 72
72 88 3 95
72 89 85 57
72 90 4 4
72 91 1 95
72 92 19 35
72 93 45 17
72 94 61 98
72 95 16 59
72 96 94 0
72 97 29 12
72 98 -3 42
72 99 88 -5
72 100 -3 1
73 74 52 48
73 75 22 13
73 76 61 78
73 77 67 85
73 78 99 26
73 79 47 57
73 80 42 13
73 81 27 29
73 82 17 55
73 83 22 61
73 84 81 23
73 85 43 53
73 86 -1 52
73 87 -8 83
73 88 8 80
73 89 8 61
73 90 51 19
73 91 100 0
73 92 -1 50
73 93 67 74
73 94 33 47
73 95 24 96
73 96 61 51
73 97 13 3
73 98 48 92
73 99 89 -8
73 100 100 99
74 75 93 99
74 76 68 62
74 77 -3 64
74 78 2 1
74 79 91 67
74 80 33 43
74 81 25 31
74 82 63 15
74 83 27 35
74 84 -1 34
74 85 65 52
74 86 99 -9
74 87 19 91
74 88 -9 35
74 89 92 64
74 90 79 61
74 91 65 19
74 92 12 75
74 93 8 55
74 94 60 13
74 95 22 69
74 96 65 28
74 97 15 -5
74 98 62 95
74 99 -10 5
74 100 17 46
75 76 66 74
75 77 64 66
75 78 56 55
75 79 81 2
75 80 100 -10
75 81 94 88
75 82 66 34
75 83 -6 -6
75 84 98 47
75 85 35 46
75 86 72 51
75 87 6 22
75 88 61 75
75 89 35 73
75 90 5 89
75 91 40 72
75 92 68 89
75 93 64 80
75 94 -1 45
75 95 81 17
75 96 73 51
75 97 65 75
75 98 5 20
75 99 72 78
75 100 55 3
76 77 24 67
76 78 81 90
76 79 37 24
76 80 9 96
76 81 71 80
76 82 95 7
76 83 0 81
76 84 -10 29
76 85 67 48
76 86 91 33
76 87 77 22
76 88 96 41
76 89 52 100
76 90 80 45
76 91 85 39
76 92 90 20
76 93 47 0
76 94 20 46
76 95 90 -1
76 96 33 80
76 97 75 6
76 98 12 29
76 99 43 76
76 100 42 20
77 78 32 64
77 79 96 9
77 80 31 42
77 81 12 11
77 82 75 32
77 83 71 95
77 84 100 57
77 85 57 24
77 86 81 50
77 87 97 87
77 88 77 -1
77 89 90 -10
77 90 91 15
77 91 -9 28
77 92 39 61
77 93 52 78
77 94 18 -4
77 95 40 79
77 96 35 64
77 97 63 79
77 98 5 57
77 99 27 -4
77 100 75 57
78 79 88 19
78 80 34 43
78 81 12 88
78 82 85 79
78 83 36 22
78 84 66 2
78 85 71 6
78 86 66 80
78 87 94 100
78 88 92 20
78 89 69 62
78 90 77 36
78 91 91 -2
78 92 -6 25
78 93 28 25
78 94 43 11
78 95 -6 99
78 96 36 49
78 97 100 -3
78 98 20 41
78 99 6 80
78 100 70 25
79 80 88 67
79 81 81 39
79 82 76 95
79 83 65 62
79 84 70 2
79 85 66 26
79 86 95 95
79 87 15 98
79 88 -7 20
79 89 67 83
79 90 63 90
79 91 77 33
79 92 79 -7
79 93 82 33
79 94 27 48
79 95 19 14
79 96 79 -5
79 97 60 56
79 98 88 22
79 99 66 80
79 100 16 41
80 81 49 -4
80 82 42 33
80 83 31 18
80 84 32 51
80 85 -5 45
80 86 69 92
80 87 -3 77
80 88 84 21
80 89 32 73
80 90 36 73
80 91 0 47
80 92 89 54
80 93 18 90
80 94 61 27
80 95 28 86
80 96 58 -7
80 97 58 82
80 98 37 51
80 99 72 -4
80 100 22 52
81 82 90 78
81 83 68 3
81 84 56 80
81 85 6 61
81 86 87 23
81 87 18 32
81 88 93 75
81 89 75 69
81 90 37 61
81 91 56 38
81 92 46 38
81 93 37 26
81 94 64 81
81 95 97 54
81 96 91 55
81 97 19 -10
81 98 -7 88
81 99 -1 59
81 100 79 1
82 83 68 97
82 84 44 45
82 85 -5 48
82 86 12 4
82 87 -4 3
82 88 61 24
82 89 46 -8
82 90 84 68
82 91 13 73
82 92 84 57
82 93 99 8
82 94 1 8
82 95 46 -8
82 96 -10 19
82 97 67 74
82 98 -5 79
82 99 61 51
82 100 54 27
83 84 48 78
83 85 -1 45
83 86 44 25
83 87 7 89
83 88 41 0
83 89 100 59
83 90 34 95
83 91 22 39
83 92 97 5
83 93 20 79
83 94 25 1
83 95 82 10
83 96 49 11
83 97 10 44
83 98 10 62
83 99 71 95
83 100 73 41
84 85 48 43
84 86 5 73
84 87 16 98
84 88 31 69
84 89 1 65
84 90 100 47
84 91 12 -5
84 92 36 91
84 93 71 43
84 94 35 -10
84 95 72 69
84 96 -3 57
84 97 35 43
84 98 39 87
84 99 17 1
84 100 0 52
85 86 55 97
85 87 15 67
85 88 41 -8
85 89 5 56
85 90 94 15
85 91 27 55
85 92 86 4
85 93 37 91
85 94 56 79
85 95 39 64
85 96 49 5
85 97 3 40
85 98 26 42
85 99 -3 36
85 100 48 41
86 87 49 2
86 88 94 46
86 89 44 62
86 90 0 6
86 91 82 55
86 92 86 85
86 93 50 41
86 94 34 78
86 95 69 88
86 96 74 11
86 97 18 98
86 98 79 12
86 99 25 54
86 100 72 2
87 88 -7 51
87 89 32 -6
87 90 88 49
87 91 35 83
87 92 36 90
87 93 20 57
87 94 77 47
87 95 62 79
87 96 80 21
87 97 56 92
87 98 43 94
87 99 -10 54
87 100 38 54
88 89 5 0
88 90 55 49
88 91 48 27
88 92 85 57
88 93 89 59
88 94 16 63
88 95 -5 29
88 96 58 78
88 97 97 -8
88 98 24 64
88 99 97 86
88 100 59 87
89 90 18 0
89 91 -4 65
89 92 85 -1
89 93 42 89
89 94 37 81
89 95 17 6
89 96 6 69
89 97 65 86
89 98 61 52
89 99 50 93
89 100 59 73
90 91 82 86
90 92 37 41
90 93 12 8
90 94 83 78
90 95 53 89
90 96 10 19
90 97 31 51
90 98 64 39
90 99 62 32
90 100 -1 24
91 92 37 34
91 93 35 74
91 94 92 85
91 95 56 66
91 96 94 69
91 97 79 5
91 98 -10 52
91 99 75 33
91 100 38 14
92 93 89 0
92 94 17 54
92 95 42 97
92 96 71 91
92 97 -6 9
92 98 27 68
92 99 12 34
92 100 77 13
93 94 60 71
93 95 25 11
93 96 39 68
93 97 36 41
93 98 78 42
93 99 93 2
93 100 30 48
94 95 74 37
94 96 19 47
94 97 38 2
94 98 47 25
94 99 31 12
94 100 83 95
95 96 75 61
95 97 25 54
95 98 43 16
95 99 16 81
95 100 17 39
96 97 35 67
96 98 86 6
96 99 75 0
96 100 9 31
97 98 89 77
97 99 -2 75
97 100 22 91
98 99 84 -1
98 100 100 87
99 100 95 18
100
93 59
47 25
66 5
83 30
37 97
66 23
92 51
4 48
60 46
94 5
88 56
8 66
37 17
65 72
80 97
14 51
40 70
8 32
98 32
39 83
46 98
77 85
67 56
96 92
54 1
16 26
30 43
92 3
48 51
4 18
92 30
56 46
52 94
64 86
54 30
97 28
46 65
33 65
92 32
90 7
33 92
18 82
73 82
20 85
78 17
7 57
18 57
82 78
82 23
69 7
59 6
84 90
43 6
70 79
73 41
25 56
19 79
42 99
43 100
7 89
42 1
86 34
27 12
58 82
70 99
71 64
11 77
20 55
20 64
6 92
64 24
13 52
70 83
90 61
57 3
86 57
98 95
7 20
97 29
27 62
53 26
78 25
4 42
4 60
67 9
93 73
63 2
75 95
7 15
32 99
15 37
93 57
17 19
74 71
46 55
23 96
83 28
32 74
84 2
6 9
